-1965419
-3631631
-2108293
13789
-1860012
-1638024
-2832451
-4705575
-3585059
-252468
-4924542
-1223467
316041
64494
-4020372
-3760950
-4597969
-4115240
-3561012
-518768
-4139540
-2161749
-4261356
-4718485
-3847047
-1842801
-1593012
500838
988269
773313
-3509745
-4468678
-2865952
-830717
-3810982
-2645592
-3885862
-3698414
-172054
954652
-4940936
-4796622
908336
-2534821
542111
-962307
-1109351
-3297482
-2284876
-4382858
333346
-790638
-741376
630003
-916827
-1501094
-1221206
-4927570
-2694108
-4729999
-4083225
-363636
-1979043
-261951
-1689324
-2778884
-2554490
-3402079
-3641736
217718
-3542531
-1312796
-1886204
-3825807
-1454940
-2665688
-4580260
-666454
907168
-2319124
-3275273
-2471380
365299
-1017009
-2707353
-1613183
-1665114
-1907291
-845533
-132104
-2374832
-2439212
-4480642
-2425098
-945899
-2641230
-2989158
-19193
-1165068
-2874360
-466093
-2717726
-3826835
-4962971
-1770292
-4312707
-1816106
817279
-4565680
-1385378
-4007627
114550
-3720473
483358
-3672496
-4261888
-3369437
-4295299
-1129441
687255
-2282813
-4970257
-4704721
-4378879
-4188387
618084
-518989
997102
-1190055
-1192736
-4926888
-1945173
-2548322
-1049927
-2738164
-1686903
-2561455
-4545625
-3092855
-3382534
-1281397
-4115823
-3389328
876272
-2775235
-3752275
-1804066
411076
-2164750
-4784403
-2845362
-2066358
-1637121
-3527150
269219
-277673
-1336054
-1932232
-1262814
-1461727
659749
-4278413
-4213436
-4659433
-2897307
-638067
-4836605
-609811
-4281132
-3616128
-19191
-1418137
-2216928
-4920315
-1401240
-3870133
-3365511
-1704837
-2752497
-118823
-2467937
371499
759937
-131258
-1205458
-709687
-1003283
-3016525
-2586251
524214
866041
-613965
849605
-1928107
-591322
-34707
-2557129
-400574
-3292647
472467
403282
276953
-581944
-4882451
-2383094
-986773
612815
-3990657
-4145666
-447886
-1919116
172431
653898
-3787636
-2498636
-4596186
-560120
-241951
-1079517
-721674
-3991446
-4143653
632247
-4643287
-2592196
-2398257
696380
-103575
-3165871
-393882
-3643181
-4816560
725585
-1783741
-4180052
-2829532
39279
-2513534
-2280740
100805
-2700941
-1522169
-2493115
-3057468
-2856543
-3289031
-2168306
-3870079
-3593913
587443
792425
-4932999
-2236736
899623
-3088601
-4931662
-2194234
-1169490
-3720056
221951
-2709346
965057
-4642510
-930138
-1421425
-4037074
-1515638
-2798294
-3454953
-3886389
-2982818
-6960
-2815254
-551846
-1128962
-2367555
-874164
-659549
-2947392
135701
-4838418
-1684386
-3577234
-2846882
-714350
-3389616
-3011278
-4599743
706701
-897741
-2630072
-2231159
-529431
-2052084
-862326
-1087804
-2557527
-4114130
-3962716
-2683826
786210
-2840623
-2992271
-2086800
-2947018
-960501
-3836945
437338
-1447942
-4057653
-857832
-1719830
-1020673
-2879099
-2191194
-4112336
-4349735
-1384772
-256499
-1145794
841024
981691
821886
-2980398
-1382013
982546
-1997261
-604523
-1038241
187497
-662772
-3379308
553469
-2670838
-1334426
-488462
-1467436
-2955272
-1610293
-2266561
-2846384
-2444
607466
-357656
160446
-4495082
-587654
-3588281
-179273
-3830915
-2755740
42791
-443778
401816
-4212801
-822015
-748279
-1244298
-1289153
422682
-601268
371604
-4127390
886680
-4249943
-55517
22670
-4759408
803135
280938
875074
-4708813
14088
-3345519
-3377099
-4965594
-1679069
-4562393
-265678
-2263815
-253285
117927
-2198354
-870507
-2175839
-2157010
-2878203
-2535673
879128
-2652650
-4059141
781009
-1356335
-1031350
-1501142
-4303417
-4589060
-3929224
982825
-3628557
-1911178
-2924453
-4172001
-3656567
-4271704
-1439494
-2814039
-4017537
-3998064
-727426
-1146469
-4090122
-4519516
-1409914
-1165677
-728184
-566492
348807
-4546706
-3574560
-2162837
196119
-3072298
-3137133
186721
-2787059
-1985236
-559451
-3695907
-4024764
-3507137
-4943053
828608
-3455674
-3220673
-175710
-1649664
-3447529
-2613402
-4574233
-4732481
-3321300
728533
-3988223
-4635
-450184
-1819029
-3393029
-2409954
847927
-52330
-525073
-2413965
-4712042
167920
214017
-3053829
-1869746
795457
-34430
-1373088
-152830
-1946993
855388
-4634050
-1151535
-422335
-961961
558969
891608
-4418119
-306859
-1175316
72961
-4529443
-4991417
-403817
532913
316232
-3524126
-3681324
-2871286
771085
429589
-230734
-4465668
780241
-422996
103343
-3771035
-2760422
-3650716
589442
-3294776
-894012
-2889822
659230
-3504350
-1390974
-168724
-3441585
-4155194
-2526212
-1831080
-4666967
-1794802
-2194943
213807
-964637
-4054652
-2222754
676865
-168407
-1191535
-2621904
341770
-3882333
-4298352
-2065649
-4459427
-3044768
-4178379
536200
-4752247
50990
-72543
-3377095
-4990469
-2913446
-4436897
-434787
-1715291
-458443
599089
-4141961
-1415191
-9472
-1086198
-2310244
-4386964
-1144375
-4380351
-4328131
-2887503
-1351138
-3417255
-2223443
-2745269
-1327134
172537
-1685749
-1369359
-4648764
-3367579
-941897
-1209308
-1624947
-2555668
-4255832
-2506244
-4726927
-4624112
610396
31974
822099
-865636
-1374158
-1971020
-1548372
-759806
-1656136
-2284887
-4505825
-3080946
-777157
-1729091
-3918167
-414864
-4084099
-243380
-3669184
327129
-4698893
376810
-2688574
-3677280
-2897586
-503716
-3972775
-2266731
-2486494
-4397580
-991735
-4350273
-2232509
-4803932
-357811
99890
-2413608
315731
-1373883
-2240532
223454
-4536610
667142
912926
-4349325
-4476199
-1396957
-1243009
-598832
667492
-4424266
-2197179
-4241158
273888
-52405
-651770
-1817924
-4810247
-3548522
-1655602
-3998364
-3054661
845383
-1189107
-1633567
-843941
-3662667
-3070665
-2131497
-3872008
-4321427
-4568150
-4482917
-1792646
-2230360
892678
604808
-2387361
-3376481
-1570795
-702163
-3918809
554327
-2973489
-2916818
-4117453
-4035746
-4254717
-2657861
-2710155
-1801587
-143135
-4251466
-3566214
-3618122
-2861616
-3064986
-2987025
-3559208
-4721539
-2861223
-1463579
-4484031
-451609
-3901706
-133934
-3548879
37883
-3242817
-4075346
-4065137
-2832855
840099
-1202153
-1935738
-431544
-990022
695920
181191
-2757175
-2358009
-1565557
772734
-1716054
-3505805
-984007
-3690711
-913561
-1782679
-3612512
-3453614
-1351904
-4451230
-581501
-334854
-1446698
-4969071
497752
919560
999019
-2587154
-2440419
-387605
-4605574
-2191364
-1449260
674918
-4872353
-2901324
-2367258
-4645122
326922
-4702826
-172931
-4283239
-3285540
-1350754
-532595
-2598483
281057
-1245072
573844
-2880466
-1775077
-4527649
-3843794
-760218
-4414776
-3067962
-1151643
-661141
-4760028
-3196243
-1257347
159481
-1823177
-4193221
-2396549
-977483
-2051
-26932
-4003162
-2659287
-98284
113902
-1399425
-3143084
235503
-1588061
-864170
-251417
-1491583
-260710
-3846854
-3010072
25931
-4468791
-889121
773279
700884
-210862
-3442162
-2416669
-3310
-1258688
-4725435
-3104468
-614821
-739085
-3462274
-3651092
-4602931
-977596
-3157162
-2240672
-1497678
-3916894
-2677299
-3945961
-4958847
-3417713
-1497152
-4405270
-2517013
-4550749
-2062462
-1432535
-485289
-3944590
954019
-2508656
876191
-1230886
-314714
-1379020
-1728610
-1766924
-4106835
-3275908
-899976
-1272354
-1256081
98766
93576
-586813
364011
-3273610
-1562326
-1499318
-2867022
-4164265
-3377370
-2704818
-1680675
-3653268
-4378359
-2343166
-3916457
-4324155
364766
-4343184
-4974055
-3578186
35667
-2878034
210823
579039
-2522527
-4704367
-1052254
-1358407
-3515043
-4001676
-249389
-4050125
-4861223
703883
-691426
-2035274
390514
-2348194
-4564011
-3725242
-4387417
-4738117
-1709825
-3899340
228861
-4199297
521684
-4417121
-2856996
200789
-4062229
957653
-1408185
225237
-4369910
-1189356
987176
-2647483
-2068489
-4014115
-174871
682495
-4965274
-4050884
-3168972
-1950673
562662
-1726903
-3405231
-3012772
-4649624
-359041
-2578938
772750
190208
-3497129
-3404149
-583695
-4822948
-1199988
-2962464
-406546
263639
-2056703
-688345
-3418263
-2049760
-959480
-903294
994439
-4246254
-1009765
-979542
-2579184
-2071739
-878512
-1621589
156456
-1284505
-1353017
-279009
-2526649
-4875226
-2750154
777859
-2216957
-4079179
-1195630
-367030
-4435143
-1952174
-493200
-1864112
-63175
-408541
-4682954
-2982511
-4238069
704074
-4255768
-4416648
-2404333
-1732926
-3563570
-3977866
153864
-238655
-4084603
-4264132
-1340458
-3405728
-2033223
245074
-2325717
-1816262
-2544039
-4587579
-4130360
-2777981
-857284
14168
-3786052
-3164910
-4562425
469867
-650731
-728589
-865598
-4085706
-3906529
-526664
-4594014
-279408
-3167655
-3275627
-3756559
387629
-1667641
-4037529
-4700775
-4675166
-4886111
-2598100
-1327360
-2873217
246380
-4996748
-87014
-4273672
-69238
-3395192
-1240888
-283823
-3965946
-1115172
-2644451
809629
-423222
-373162
-117296
-638220
-97398
-3505869
-1932001
406951
-4659478
-1760777
-1468338
-1039195
-68946
414083
138099
576696
-1533284
-1368215
-1590981
-1607163
-4668800
-2658384
-4021
-2244609
-1014871
-2086522
-2137845
-2140727
805413
-3205740
-1500689
-4242623
-1224722
971122
-3849763
-3238594
-1046832
-4359328
-1338901
-3182295
-613461
-4120162
-413328
-4268333
-2645941
-2718506
405033
891407
-1120874
-4705674
-2293340
173296
-3916951
-649843
554283
954063
-289072
838062
-4649999
-4589567
814450
165496
-1123589
-4478968
-1199908
596576
-1098176
-776576
-493550
-1226944
-2931139
-4072329
-1461814
-1750054
136633
-384957
370561
-3607161
-3000872
-1548750
-3548802
-2803527
-2340377
-2011726
-4404919
-403488
-3026899
-2103613
-3758295
-3103685
-4676017
-3532496
-2947167
-3488468
506333
353620
-3130320
-3759953
-3972858
-231043
-4743695
-2906250
-1650815
353
-2466696
-1892656
-2189412
-287537
-4446819
-2536499
-543166
-2700569
-4387494
449345
-1228768
-603187
-4860552
-103628
-663263
-91760
-3402885
-4890672
-3793212
-2292954
-1245612
-4710546
-4704795
-1867316
-4630103
-1341624
-1297291
-4757206
-2254731
-3236956
-4995531
-282241
-4486559
-640655
-3476064
-208394
-4371790
-4738184
556423
-1241209
-1511017
-173607
-1583580
-3286157
-107176
534430
-3544850
-1916542
-485718
-2998043
-3828981
-4925124
-2624932
-3085017
-486362
-1889753
-2666666
-4672079
-4903674
-3423983
-1650734
-3214749
-4150548
-1772117
-1770802
-4965856
-332420
-2562430
-4490450
455811
204496
-4326920
-3089797
590288
-3772027
-1024095
-278489
-3247096
-3727692
-2423662
-3670388
-4343835
440001
-631047
-1882075
-1607809
-4483812
-2680373
-2633565
-4349338
105640
-1931707
931388
-521261
-1074106
-403639
-2445799
-4661705
-909323
-976345
-337714
-57223
768901
-4145914
-1806220
504688
-2435433
-3859724
-4024619
-2312993
407276
-49242
-769453
-4133563
-3949140
587706
-4459722
-3358257
-927783
79820
-1141296
-2353017
-94457
-153182
423502
-1500430
-1818136
-3763026
-2206618
-1398015
-3413051
963093
-281184
-2104677
-1711420
-606350
-2291173
-2004295
-1597639
-2476635
-3071959
-185860
-1014988
-2146641
-4927345
-2594157
-1767455
-2653648
-2390752
-4923081
-1495334
-1382148
-4223970
-1313487
-2376856
-3515435
-1454038
-4643408
-3753302
-2187877
-2543402
-213971
234302
157363
-344994
166127
204471
-4574172
-186606
-9624
-3462768
729809
-4290501
-3577232
-4155675
-4660143
-2466737
-2295990
-3842943
-4356207
-2750910
-4007684
-1361687
-762689
-3888625
612837
-1815379
-4316436
-2992684
-8030
-3195608
-829245
939360
98819
282158
-1468508
-1596591
-4974145
-491140
688283
-3081035
234815
-1699548
167276
-203483
-3974423
-1666787
-1923402
-4110609
-1264555
-3031095
-1285550
-2536294
-4426913
-4104691
-4743065
-2355351
-748124
-3108179
607211
-2140704
-817791
-1384291
-3658262
-4593918
951577
655283
-1248034
-3918482
-1213110
-510864
-2272563
-2834160
-1377728
-736205
-401513
-4094306
512547
-2858759
-3728687
-385948
-997908
-4086025
-4589931
-3258344
-4673613
-4611848
-1203592
-1236809
-4067549
694311
-4903561
-1517593
-3190807
-3900221
-977975
419753
141640
-4410619
424745
-332901
-1411812
-1216583
-1940035
-4744546
-2193733
662692
-4275321
401560
-1593720
-3904205
-3835533
-858
-301943
-3223509
-414748
519565
-3303965
-1341340
-3859670
-2831474
-4944743
-343567
-1563536
-2326165
-2119585
-4021728
-3331071
-1454675
526382
799638
-4579534
-4893262
-1495940
105868
-3334430
-1489410
-4656720
-4274649
-4910831
-398629
278281
-3018153
-469709
-338481
-4004827
-4316672
-1932102
-424213
-1741302
566995
-3287026
545024
-2642732
-3031531
-1999777
-2806197
-890915
-4814547
-4530586
18995
253055
-2567364
-744940
-2307804
-823278
414854
-1267290
-3783828
-3983508
-4605536
-1051697
-265365
-1518901
-1963497
-2100964
-1957367
-468733
549857
-1660919
-4140918
-1729749
-4943204
-2183955
-4305496
-3198583
-4640447
-782612
-1407468
-3809692
-1210366
942431
-917865
-2312754
-2243617
-1624133
-1655938
-559436
-3391419
658816
-4454403
-418913
872456
-4210327
-212302
-3524056
-3514821
306728
-2866600
-1116446
-1747041
-2825146
405949
-3460355
-4294011
-3708392
-2341048
-3538242
648888
-701965
-3040359
484708
-3131317
158997
-4863195
-4652063
708069
-1846167
-891179
-1878008
816592
891526
71107
-4033072
-1115989
670503
-3188794
-524658
-716409
13017
-1199292
-2792451
-4101578
-4259576
-2939033
-4317957
-4165676
-4091960
-2904535
-964759
-1269825
928374
764112
-2202466
-3440864
-3363889
-2070833
-4899304
-4225191
-1933416
-4905088
303624
-4147146
-846739
-4060107
-641081
-3684203
-2224969
-542152
365447
-2262207
-76805
-4308570
-439495
-2841126
801270
-1256644
-3515513
-1430857
-1513978
-1536465
817697
-298569
-3933277
-971881
201790
-4028932
-2548597
309978
889191
-4433839
6161
773723
-4187678
-3260855
-2487904
-2943096
-4947909
-2042262
-2649063
-2238134
-4414792
-2236602
-3306305
-3140592
-798437
-8500
-1941145
-1796584
-982814
353017
233416
-1604061
-2036769
-849552
-1022381
-2025451
291939
-4027273
-3336078
-2736319
-2988346
-397756
-4028655
-1701444
-853059
959561
-1115144
215527
-3027130
30458
-3186917
-3683733
-10609
-4415786
-341006
-1944261
429119
-4352559
-3141397
-2618813
520361
-2455581
-3810856
-518034
412436
-1289185
-3813479
-953047
-1948729
-3431585
-2493790
-492254
-1420335
-1983616
109400
-2632565
-2747534
-3262891
-292044
-3398558
-4985363
-4556811
-1830307
-3334019
-2702566
-1842982
-1898228
-4917884
-3051613
-3329625
-3183655
-151375
-1926436
-3409923
-3216438
-811947
430332
-989197
-3024882
-1510493
-3756652
-3343418
-3886131
-1329021
-4675208
-4290585
704207
727015
-3874185
-3719246
-614271
-3450751
44097
-1141303
-3783248
-1086301
-1334912
-1863840
-3400383
-2127404
-3285264
-4723271
-1336246
-2538972
-1647314
-2584733
-4456410
738478
-1199724
-3699322
-1471583
-3679698
953273
-1846799
-3536448
-3645873
-1112315
-3704593
-3828403
-2465280
-520375
-3129106
893730
-4736958
987207
-1019063
-4242387
-4256921
-3354853
573877
-3690588
-2455817
-2869232
487473
-2210051
-4410460
-4986612
-3555467
-1806501
-931945
-232651
-2378508
-2201440
-3099316
-4482799
-197290
788228
-4960354
82976
160541
-1696839
-4634651
-3501968
-462170
759008
-477095
-909617
-1990305
177226
-2177242
-3309176
-2528405
936597
-487621
-401824
-781704
-4710428
482911
58283
-4848745
-3320530
-2941723
-139653
-2999595
-515868
-455964
-4066361
-4993288
-4038592
-2370378
-563403
-3796999
-3333319
741529
-2536134
-855361
-416398
-4187183
-2313102
-4791117
-2629910
-4607261
-1466196
212851
-738453
-2000015
-2618127
-840829
-4008105
-1866436
-1348866
-3621648
-4501731
-3884264
-3172038
312871
-1847754
-888939
-4987570
-4785048
-3204514
110598
-4316389
-3386185
-3957035
-3592797
-314545
165600
-1328970
-3734859
-3486355
-3056132
527660
-2716069
-935087
-4318502
-4142782
-3877130
-1047751
-367031
-2547551
-355631
-4115522
45652
-3704986
-203562
-995375
-1824697
-2745637
-1677015
-4224419
-2167765
-1021444
-1490048
-1499777
-4307550
-439055
-3164347
-3076287
-3377903
-4218251
-907125
-4647718
-1480295
27628
-523837
661408
-283383
-3455367
247330
157453
-871171
-4045928
401210
-3916192
-1669740
574691
-351999
699637
-2125315
-524100
-1491321
857670
943338
562163
-3405673
-334655
-2590174
-2737781
-2747671
-1607587
-304269
-1103586
-1874169
-4808321
-2188565
480732
-2158706
-4072997
-3225433
-3530250
-306722
-3153054
-2429777
-2785780
-456084
-3844136
-1344389
262283
-2945456
-832721
-2430100
-46474
-3681215
-4437183
-913248
-1931766
-3306095
-2004078
-1786197
-1953692
-2734550
-4922758
-1921241
-2437435
-3763930
-2331495
-4839600
-3401543
-1051152
-1394833
-4816564
-3273448
-1193650
-3114392
-1664570
-4579080
117227
-956732
-629576
-4730335
-4898687
-3095341
-1826566
-1972704
-198664
318942
-2213902
-4895980
-4920245
-4941295
-320598
-4930249
-3392889
-4162079
-1591635
-1193485
-792606
-331877
-234914
111764
-3319779
-1785278
-3258580
-2875899
-1180548
-2154223
-521812
-1852972
-3627237
47570
858280
-1880256
-2695822
-1958049
370355
-3153874
-2826010
-2797511
-3313545
-687797
-4558792
833409
141772
-844567
-683056
-2630598
576721
-3218315
137250
-3323430
-4929751
-2695262
-2330932
-4531267
-4336288
-1851606
-1436119
-1939956
-2381806
796891
-4845155
-4565013
-4211722
-1204620
-3573865
-4865899
-1045005
-3766291
-2131091
529261
-983771
-2059565
-1355792
-1370866
-2444763
562658
388853
-748713
-703476
305119
-263411
-4168137
-3813599
-2505807
-526029
-264152
-2342133
-4251044
-4779521
-3127658
-2091164
-2208163
-2177462
166836
503053
-4286168
-3027252
-91
-1523957
-4864897
-4728080
-4411835
744692
-4630068
39627
-2343989
-1520723
736262
-604263
-4353837
-2274367
-1841438
-4440261
-2441937
617107
-708159
-3345617
-4758744
-798338
-2925268
-3747358
-971490
-141720
-843618
299491
249225
-816430
-2197372
-2737403
-2480048
-4844014
-4926800
-2615523
551675
-1757925
-2418111
-1560401
-812773
-4166732
-1209256
801438
-1411911
755181
-4271720
-1400084
153298
-1583527
-1690827
-4465799
-4301796
-2694989
-4407411
-3017640
230796
-3459853
-3391232
-3735513
-2557655
-1656581
-4640490
319531
-1952561
-1453095
-453881
-3515606
-2140279
-3920146
964089
-3957064
-3322033
-408073
827917
-4448222
-1739859
-658393
-2302110
-4364714
-137644
-3782508
-3536529
-2254238
-4854706
-1908783
-4718012
-3821171
-4222637
158403
-3681976
-2751915
-3575419
-1275496
-4560740
-4595965
-3904382
-3375272
-1534433
-315380
627127
-3674032
-870991
-2820646
-2300744
-614282
-2050535
679707
547538
-2762469
-4968735
-4472357
-1340425
-1620327
222945
-1940403
-1227903
-551901
895784
-942593
-821332
-4076000
-2991200
-3664079
-1170826
-1818263
20033
-2060651
-4045804
-3154967
-2937313
-1239661
-2094372
-1649674
507790
-3760666
-160676
-2493732
-3090542
-3020291
-3912044
-2882106
-2105512
-2587300
687766
-2023213
-1810351
-4366133
-27626
-1372908
-2666942
-1034346
-1979061
-2924245
-4595477
-3971026
-1063059
-4306030
277589
133910
-3295438
-2919727
-2594359
-1220685
-2916025
-1885865
-352082
-4529195
-3412848
-2022833
-4518631
-4899764
-211290
-615083
-1707480
-1441038
-3082965
-960415
-21701
-3252882
-1101815
-661019
-3425896
-895856
-3513548
-936588
-1567615
-1821368
-1952977
-2136551
-928953
-2829510
-2304715
-2487770
-3029205
-970870
-78149
-1481835
-2883032
918969
-4230540
-4579533
-3186177
-561211
-4772825
-304413
940395
-3745734
-3973703
-2066805
-831631
-1877651
895938
-3356647
-2802957
-2574555
457724
-1858857
288776
-956100
-3690454
657450
-4346619
-3920899
-4611886
-661426
645112
-3940939
-3923757
-4698298
30248
-3622402
-844775
964563
-1647148
-2578977
424937
-4378783
-2959772
-4687429
-4085539
321396
-4628845
-1297957
-4347193
-3340658
-2179226
-3054380
-2979643
33665
-734666
-3873070
593854
409676
-2828750
-4617899
-4457864
-2315325
-3932263
-4997730
-631664
-2200180
-2229099
-3971742
-1624546
845049
-578469
-2557467
-2353340
-4343740
-1358095
-731664
-3101392
-4971948
-4480916
-4174888
-4163133
-4695981
-3746871
-1428656
-4498091
-3554412
300699
-712381
723570
-1887658
731344
240662
-735901
483780
524211
910334
-277766
-2733339
-3142298
-4733977
-1462809
-1178269
-633963
-4652777
-4324976
169394
-245286
-70680
-574069
-4505223
-2855014
-1558266
-2039460
-4396251
-257541
-582646
-1326714
-2856561
-2599852
-3641217
-2622815
-1882024
-4964377
-10744
-1748509
-645680
-4341661
-188824
-1551947
335272
-4074985
592917
-4785914
-3630240
464449
119882
-253924
-4314595
-4907197
148327
-1226519
-1882665
-194165
-4421730
-2418641
-2064192
-3542978
-700834
298083
-289194
-2662991
-538373
-3571332
-3125081
-2045104
-1285553
372943
-483637
-3375200
-804809
937472
-3133530
412540
538468
-944464
-3703071
623756
-4760688
-476091
-2887745
551051
-1507317
236759
907838
-1571669
-1293731
-2958805
-1937097
-50212
-2595970
-2003144
-1165023
761677
-263847
-1750358
-3976627
-1244910
-4994518
-4710999
-2953110
-807071
-3155198
998094
615171
-1812887
159296
-4204654
-3363532
-1176378
-974663
-1733835
-221260
-1102059
-2444571
-3649858
-3459947
-3942700
-2005440
-1064177
-2067699
-594082
763720
902800
-2548337
28554
-1796654
-3039220
693912
-4244608
-3522555
-2908094
-4127022
-342683
-2123966
-4514724
-3326393
-2301193
-566601
111065
-241138
-1044230
-4222267
-4702193
-261214
-872240
260221
-17794
-4430881
-1051815
-135106
-3723241
-3288548
-3994702
-2195944
-3765684
26964
-338753
-2489978
768400
-473582
-3604388
-2463390
-653427
-2941072
-412542
-3679042
-4124158
-4613190
-3100093
-2103822
-4109833
-3405501
225274
-233930
-2590258
209915
-2387190
-999035
751745
611339
-1285139
-2256850
-4021582
-1742406
-3740040
-2537625
-2458666
-1109439
-1666917
-2404378
973655
346096
-672959
-2628070
-4816049
-3778912
-3303727
-2459647
-1894844
-980586
-2123789
-428745
11145
-4256937
-925695
-4886650
-2064015
-4422833
-3726858
76495
-1350509
-3145803
-2834381
-3581955
-1317186
-4088102
720529
-1654123
-1900824
-1962695
604914
-4303350
-888447
773330
-4086172
617020
-1071354
-1805439
-3824892
-1114649
-2009589
-4153374
594239
-554276
-1313746
-1821298
-4215810
-2126759
-2133047
-3023033
-1538727
-3059779
-1248592
-1055118
-3224949
-516645
-1370747
-2078381
-3837183
356127
-499844
-1138069
-4659168
-4589875
-2426455
-2800511
-2077727
-2249459
-326872
877857
-1630100
-3432106
-2011339
-4525873
-871945
-3183558
-554806
-2120224
-1473377
-2304824
-2228355
-4600984
25550
-3209544
-2026231
-235845
-3778323
-4427118
842787
-726812
-3266397
-4671980
-3739688
-4300896
-3488661
-3234032
-1409256
-2442344
572762
-3451508
-3077464
-3264108
901364
-902412
-4966731
-4381981
-1184134
-4358896
-1344001
-3831959
-2189155
-3683631
-1817862
165488
-912582
330884
154969
-2027251
-1866443
543824
-958106
-592475
-2305102
-2716864
-1940656
-4127393
612290
-2224568
-1934596
-388875
-3799552
-410355
820016
-493738
643249
-1344425
-2772721
-2490402
580699
-826212
-2892644
270041
-3884221
-2828538
-1554323
283655
-4296288
-1017297
-4386541
-2077490
-1439212
-4461374
172353
-3843495
-3354852
-4506495
-1566562
-4952260
-4263262
-51038
-214438
584409
-418763
-2250655
-3510823
585123
557718
794845
-4823650
-1543492
-1931373
-95802
-1103943
-2571779
881890
981538
-754912
-2387996
-2192301
-935961
233484
-1208373
-2097234
-779024
-706629
-3004049
-4373690
-2058991
-3009224
8683
-3960614
-449543
-4403120
-1647780
-440535
-570498
-4759471
-944304
-2062627
-2933199
-1471247
-2840599
-4554817
-3052692
-4713893
-4763340
-2518151
-4255142
-4328464
-2070254
-32483
-4331547
-2641899
-4422280
-869394
-3250328
-1088254
331422
-3918737
-4734717
-1997814
-4174718
-4988477
-4423563
587638
-2503679
-1654506
-3467665
-48624
-445475
-2143868
406893
-2625814
-435482
222839
-2285156
-4319644
-1342973
-2171821
834178
-1772906
-4748118
-2197604
-2103320
505413
-2840655
-115531
-1624447
-4962313
-2416117
-810770
-3722606
-2581465
136134
-2789519
-3916170
-2412244
-2792795
-3978664
-2991513
-215936
-1439645
-1880944
-1604402
-4794453
-185817
-2636036
-4370406
423884
-1414440
-4211098
-501074
-3313697
-4607666
-807108
-455808
-3587554
-3914261
-4825760
574137
-2793359
-391711
-2810693
-3542936
-3592331
-371877
-931552
-2815780
-704235
-160610
-4819034
-1050939
78344
-1621503
-3272784
-2610854
973230
-4049128
-4385435
-4353602
-40216
-147018
-3536600
-1595937
-1442309
-2949507
-2338281
392897
-970191
-4010046
-2641407
-1139091
-2220683
573176
-2558061
-1743753
-2021333
-2232639
-3866986
-2243937
-1994472
-1236453
-4992836
-4664401
-1091719
-3151636
-4587607
-1473330
-194925
-4474363
-239692
-978002
-687049
-4275612
-2121126
886266
-3118769
-4756447
224293
-2277471
-1464807
-29346
-3806331
413094
-217533
-2898574
-2278280
-3718144
-474033
-1938273
-74369
-58836
-2551782
-853136
-675504
-1790437
-1805311
-914092
-1296561
-4926476
-2679362
-440624
-1915635
-4761355
507236
-3655774
-2178318
-181758
-88549
-3938890
-4329882
-2018769
-3643894
-4843889
-1322551
-215913
-3881598
-4887470
-224601
-216656
-584703
-2378994
-3967434
-4794980
-2251682
-755111
-1558576
44047
-231622
-4522028
-4832195
888984
-594055
-3976318
-4705798
-1027671
-4527888
-2169235
461284
-4759471
-1031757
-547858
-54432
-2526832
-4585462
-3349980
-1995000
-1098510
-921133
-89673
-4781267
-4878218
-3949579
647627
-600790
-2023442
-3912875
-3677051
-3525144
-4866504
-4291167
-23738
-2240099
-2466414
-4498197
-4777870
-3768762
-4733873
-562819
350557
-4291304
-3753885
-2047603
-2792167
-2898923
-515884
-2248815
-2729549
-555230
-2148910
-1016067
-1337207
18700
-2727865
-2578298
-4722846
-1892624
747467
-4623511
111981
627178
-3494307
-4659300
724143
-2190342
-2317333
-1489315
-778037
-4628272
524672
-2817023
-3584747
-261420
401343
-1458091
-3587005
-1762607
-2169029
255444
-2516637
-1826463
-3617368
372478
-881846
-1223842
668995
-2097002
721592
-363367
-4379679
-1563809
-3857925
-290388
-1393183
-2283261
-3527681
-1274650
680456
-4707007
-2240633
-2685465
-1720093
-3050995
858032
-2508084
-4380131
325274
-1161677
-4545015
607632
66198
72300
-3267758
393074
-152547
-993936
477677
863073
-1872401
-3840649
-3549167
-4045943
-2975694
125542
-49986
-4527645
545275
-2651627
-705021
-2554192
-546256
-3051050
101101
-303765
509920
-2909223
-4946464
-1029341
-3578110
-3563380
20821
-3210605
-4296745
-855695
-4631217
-3484278
-3629311
-1815336
843364
-4819901
-4043852
852074
-422037
-238667
-3999870
-248456
-2592306
-144610
-2568939
208866
-3297127
191931
-4648447
-2723836
276098
815898
-2892982
-408464
-2611883
-351427
812299
-603725
-814428
-4352735
-2571015
-1824303
-1046630
-4949014
-2849999
-2331108
-2940690
-2676558
-4159423
-1030845
-3686485
-2030504
277534
-3954831
-1884186
422436
-2436467
-1491353
-1290790
-2245901
-535014
-1901295
-2347138
-2528924
-1528461
-2685254
-1007796
-3105867
-4359054
-1540478
-1588844
-2993512
-1073661
-260348
-4484725
-1079144
-4703292
-3411466
-4646940
450967
-90117
-966755
-1639043
-2696500
-62165
268703
-2300696
-1684263
-1651390
-3421837
-4959472
-3174305
351746
-545360
-3803610
-2433510
-1878398
-3649625
-3985732
-855782
-959970
-4708428
-3090947
-1308149
220424
-689474
-337815
-3764619
-3603265
635552
-288869
-605103
-4303096
-3681250
-1739168
-3688927
-3063538
5126
-193314
-2775417
-21791
-4417432
-601630
-3412914
-3822130
-4132628
-2874329
-3851319
-4088499
-3276958
-1640294
-4629782
-2465113
213631
400772
-97725
340298
-119580
732156
-3322903
-1261318
-2431651
-613785
-2803098
-3569773
-2894953
-2292246
-1481597
992183
-5
-2332288
-4654889
-1696090
-3877044
-2296929
-115413
-2675502
-3846137
-721414
-2471640
-3592937
-2764047
-3161447
-3035817
525252
-4959073
-4997478
-4952221
-3265186
239364
-2915262
-1181471
-2807801
885490
-272214
115566
-344205
-2196710
-464419
-1116120
-3582351
12612
-2582668
-3395312
-909966
-3204379
-1608313
6311
-2970946
209782
-635733
404617
-2260232
-1088536
-3475278
567628
-3954246
-2064418
-1524922
-702649
-4187761
-4254167
-4368959
-2489909
-2848388
-1006095
288929
-2102898
509046
-1878820
-1722347
-1617511
139832
-1812483
-3548531
844583
-4047228
-4372162
-4455368
-3470138
-3780237
-1857759
-949135
-2777055
-4269009
-3376218
-2697374
-2663999
-2006545
-1821385
-4489654
-1428136
-525102
185866
-1166470
-3394370
-2178119
782178
-575716
-1512165
-11559
-2499550
-3410749
-4406080
-1397848
-960692
-465806
-1334479
-186252
-1187612
-1185478
-2499591
300476
-174610
-4867702
-3370948
-675695
233712
-1384327
-2596035
-2408823
287913
-1199507
-4883978
-1164338
-1442892
-3181872
3269
574871
51143
-1062827
475215
-2799453
-4526624
-653655
-938692
-2222334
-2324955
-943510
-1411302
-1395810
-2794351
-3763415
-3999396
-2607428
-1877129
-13172
-3746380
-3788968
-4090461
-4467920
-23112
-3078690
-4380448
-3513627
-4584520
-2627529
-2740372
-1002057
-4822377
-804575
847542
-4861705
-998952
443005
-2239234
-2225272
448179
-113617
-695202
-4710475
-1223219
-1963333
-1738199
-675650
-40631
-1294372
-689848
-642910
-3853599
459291
199027
763232
925961
713845
-4948717
-995369
-2988857
-3025602
-4771121
-218300
-3478987
239174
-1771302
-1419713
-3839471
-2428749
-858392
-1453325
-4881810
-2802268
-4532540
-1115656
-2310978
-4972397
662114
-3288411
-2875448
-3238147
-4546827
-2609706
57382
-2058932
-2270284
-4802847
-2878097
-972814
-4128555
-2618140
-4332281
-4417062
-3929208
-1339627
-1513705
-4509728
-1356804
-654610
-3836237
-967163
-2298575
-4981556
-1208825
-318646
-1377644
198176
-4891638
423936
-90962
411454
-477909
-4717853
-2900572
-3176748
-2346386
-690515
201117
368245
-1034013
-4296778
-2477921
-1772391
-319893
-3428338
607886
-2346945
-1990980
-3837958
974200
-4014273
-3417539
-1373876
-6275
448233
-1833636
-3470799
-4390573
561340
-3775901
356941
-812018
-1261093
-3101330
-3475524
199560
-1804945
-1458450
-539032
-4181301
-858935
-4048080
-4718004
-1895067
-3845937
-3354844
-3645794
-859697
-306768
-3266956
-1669320
-1862805
-2408312
900682
-1823653
-4698905
382707
-1539292
-3804430
-1758552
-2199613
-2182554
312020
-4354687
-3012243
-3137609
-3863542
-1230283
-15235
-1672689
-2235809
-4316459
-1336892
800665
-325604
886259
-122762
-1420723
-2170970
-4177100
893645
-3912446
-1381017
-3741234
828413
9557
-3128397
-4019535
-3815118
-3418523
783446
-1699566
-3392118
-1362959
-3911819
645975
-2106794
-94226
-4409286
-3826756
-1784410
-1741458
-1889119
-3055194
63064
-948154
-2345588
-2792954
-1568559
-1369064
-485561
-88913
-4210497
-3110249
570601
-4796887
493800
-2093698
-3599203
-1335525
-3466196
-764970
-1777722
-2894005
-3766359
-3238614
-306664
-2722734
-4185218
-2793981
-4873502
-3276066
-1633320
-3342414
-3037286
-2676317
-44645
-2088851
-3674618
-4697951
-3494859
-3671697
350370
-1148166
755404
118779
-30167
725311
-1271303
-3620029
-2307197
203835
233806
-272611
-1532074
833389
-4409136
-2542101
-3980125
974394
-346271
-1138790
175187
-1683501
-1233915
-2679766
-2569667
-4314161
-749491
-614545
-356070
-195428
769928
-2164577
-498009
-4324053
-4108871
-3476391
-2157948
-2760687
-899537
-1561802
497604
-1147519
-3478872
-713094
-979987
-186031
-91364
-302628
-4219836
-1403801
-3395512
-2097715
-4850060
-3160310
390904
-3455154
-4794760
-2595400
-3163265
65188
-1251291
-172961
683820
-4845877
-3179870
-1091990
-4669940
-913409
-589638
409395
-1635082
-4999252
389480
226222
-4757245
-2962751
-4822502
229052
-1477534
-31097
-839487
-1309589
-4806
-1813731
-1945346
-394114
-3644923
-4874199
-1866769
-2831874
-3763163
-3689452
-690865
-1183206
-654643
-2687654
-2391257
-4543841
-3656615
-2421818
-4318712
875970
-2780438
-25412
128068
-1763589
-1978208
-1036672
-114061
-814932
-1805928
-4291245
-3492952
-4730853
-4196933
-2358437
-3121340
-2532814
-2962547
-4899036
-3711375
-1717212
-3642835
-1806812
-3448320
-1571
-1473167
973849
-513272
-3526805
-3355790
-2510139
-1021819
-807416
-739577
-3898648
-4452519
-2960806
152105
681497
-1065943
-324276
-68685
-3712754
-196196
-2723042
-2936400
213477
-2347851
-2848984
487409
489688
-2397436
-4484012
-2130386
-4880754
-695599
-1892171
-213162
-958612
-4577244
986329
-563138
-607961
-2936331
-2198133
-159488
-4826874
-3265292
-2736132
-3224095
-2878198
-1676643
-105427
-384296
-3438834
394879
-3720390
744397
-260021
-4471102
-4719637
-4355967
-383722
-4494442
-1820089
-1868011
517574
-1707913
-4111471
-4592217
276764
-4925905
-2545859
-3797650
-4146260
-402978
-6354
-783287
-2125891
-757967
653200
-496612
-2746917
-2387370
-2539586
-4476616
-458315
299271
-2348784
51353
-3564763
-238881
-1190662
337839
-4624235
-1481203
-1880536
-3612818
-3306744
-1821092
-4711245
-3647479
-4421288
-697198
-4425849
-4103121
275277
831239
-911641
-3203961
-4632052
-382994
-1229578
-4277716
-2722074
-3146921
-133095
-1520057
-2732924
-3741904
-855496
-2793934
-812573
-2380455
-4180844
-4506391
-2037444
402339
-2350518
-2802481
-4784506
-3073089
-1294835
522644
792196
-1456629
-1010612
980325
-3422371
-4027417
-472584
332754
-3714689
-264254
-2682298
-4683382
-4039628
-2097994
-33716
-1761133
-1911098
-3037742
-3159071
-3685165
-3280765
-2671547
482570
-289635
-374116
-2398950
-1336915
285995
-259503
789507
674847
-806867
-3192925
-2499361
701105
-2986026
-3628538
-1728779
-3980611
-4905183
614682
-2500424
-1243504
-3333851
-3923957
-1149759
-3015991
126312
-246824
-1877300
-224074
-4169559
-890829
388421
-3100475
-2933248
493237
-3299798
-2725672
-3895844
-4225526
-1172160
-3761472
-546772
-3354973
487177
-2145613
-2586632
-1237944
-96068
-2008159
-3946432
-108963
-4204051
-1729262
-4040112
-4496712
504056
-1741756
-1775422
-1513584
-2518552
-4986780
231493
-3484744
510533
-1297888
-809129
-2548274
-2375697
-3532492
-2849554
-4164371
-4922443
999406
148512
-2379495
-4611690
-2954770
-2836302
-93508
809656
-3222227
-1179566
454027
-4663003
-1407518
-702592
709157
-4813249
-2188240
-1664227
77797
-2861629
-1563147
640091
-4217014
871862
-4333691
-4153133
-4440457
100252
-1682558
-4052086
-3066456
-2663043
586340
-1982497
-3042606
-4144800
-2678872
303666
541275
-592247
-149441
-1682043
941431
290724
-230485
-2922894
-2281273
-2333178
-1733531
-2910268
696532
890123
-3592045
49007
-2923587
-1493312
-1718392
-3654885
-88622
757087
-3559249
-4615426
-3232643
-4895531
-1192584
-2200945
-3253206
-4206160
733473
187819
-4454391
226525
-1417329
-3105582
-1957678
11674
-1227175
-4854630
-814544
-1853168
-3270897
284535
-745621
-625133
-3673974
-1589925
244389
888840
-4114202
-2972888
-4547588
-2458642
-3217225
-3703076
-569475
282008
-132237
-2997587
-33801
-1743807
-198346
-2056144
-1040603
-2666411
-1075328
-3852469
-2520518
-3387563
-3219403
-360290
381121
-3789681
-1284856
-782359
-3715552
-4807341
-305082
-2825763
-4484964
-1850862
210048
-4161620
-3089041
-3376856
-2795016
-2658400
-4791676
-1649907
-3212951
36068
-712259
-2150501
688349
327471
-1613368
-3035470
-2995577
-3871325
-3396539
-3116519
-526752
195039
-3206717
-3560378
-429663
-3093615
-1141575
643445
-3248693
671578
-901924
-2800332
921406
-445564
-3229664
73743
-3033627
-110748
-1011127
-1781551
-3697519
-3537798
-4589285
75795
-1337003
587367
-1490696
103114
-3125109
-2161826
-4130100
-557314
-3388058
-3776056
-1642192
-2746302
-390486
-3101578
-4311646
-2488845
-3937111
-1298430
877041
-1291229
-2128998
630654
-498097
-3397561
-683445
-3902243
-4135377
-4868441
-4488972
-3767401
-1676279
-4413943
-408666
-4415539
-2210538
-2168988
-2652300
-2219673
-4825006
-3042368
-231876
-1399845
-1370476
-900593
-535965
-2196726
-4022155
-1419769
-4025971
-50908
-2057779
-2219676
-4472762
-1686229
-918077
-3190120
-2415239
-4668029
-3512299
-3469449
-1910854
-2986813
-3655344
-749527
-4019022
-2600289
-2764605
-3368443
465487
835241
-1935204
-1260354
718167
-2458915
-4503424
402804
-3042293
-2025660
-1401527
-3233871
-2247076
-3937016
841139
-3816370
497462
-4234654
-4994480
-67905
-4425007
-3455145
-4366751
-4667277
607443
-3790658
206475
-3920161
-1017545
-1652293
-3333095
-401893
-440366
246096
-2248416
-2870650
-4195952
-1954885
-2321136
-4119179
-1752695
584019
-4897441
-82071
695958
-2220853
-2557546
-4843747
-4050133
-1457759
-3519202
-3008696
-4624034
-4645570
-387675
-506093
838757
-2111975
924726
-3329594
-2663763
791861
-1294349
-4189573
-2700297
-4853319
-355352
-2847231
-2961737
-539298
-4366439
-1095563
-4543594
-4240194
-1823119
-1073180
830895
-4165269
-4952831
-3128829
-928636
-4187471
-4975241
-355609
-2097485
-1532330
324750
-967762
-1592944
-4416920
-4098354
-1242160
-3979805
-1044848
-673639
99671
-3094655
-4838723
-2569209
-885604
-2920530
-3822724
378882
-512210
-775575
584806
182909
-4385594
-3498237
-2211016
-3580360
-437775
-4059588
-2164549
-2137673
933603
263782
540675
-2554149
-1515206
-4422567
-2214514
-2148049
-4591012
-926749
173918
-2629308
-4617757
21997
229314
-2415374
-4302064
48780
460592
865811
-2577249
-1089855
-725161
989410
959060
-4499024
-103379
-1893229
-4693916
-1006045
-1980753
-4347712
145936
-1929667
261043
-4167995
-3327927
-1045846
-2439807
-4637227
-347879
826422
-1796393
-3993793
-3550519
-401357
-4211742
238541
-185572
-3734374
-2057752
-4788072
272937
-4763039
-3377508
363942
156734
-3692568
60638
-2311887
-830697
830587
-251367
-3147557
-485620
-793229
-4665295
-2021300
527264
-1367185
861646
484716
-3502776
123619
-62437
-4767921
-2606156
-3972369
-2942844
-2892900
-3962484
-3678089
-4125906
337117
205723
-3519016
602280
-675678
-2222768
-4423762
674054
286625
53792
-4782991
-2469552
-1176710
135441
-3476610
-982133
401554
4467
-4495544
-613122
-2653592
613096
952520
-3951132
-3354912
-1903683
-4116294
-4010010
-1255943
-850536
-760072
-1564503
-970555
653322
-1844414
-3298152
-2579563
-191073
251221
-700241
-1740452
-4162328
-4362934
-4117183
-4710941
-2886161
-1089368
-1567206
-2992960
-253021
-3710460
-2828264
-1082286
-1110995
518532
899083
-1287264
-3704801
-4649229
289092
-2378109
-3366206
-1954093
-4773652
-481
-3644504
233314
-3055216
-2281809
-4487987
291194
-4701420
825779
-4519803
-1372961
-2349742
450625
571852
702562
-1183748
-3078609
334440
-3761494
-1781967
-3581436
479548
-2180845
-2347281
-3220156
574276
-3351757
635351
-4699654
-974367
-3894031
-359470
479757
-2024073
671056
-746259
-2580863
-4835419
-2943350
-2359094
-317029
-3143807
-3420800
300923
-2827163
-1764879
143919
-917578
-625988
416611
-4904300
-3757404
-266649
-692500
-4117687
-4463472
-1673811
-1714756
957502
-672536
-2347823
-708874
-228352
-901714
-233555
178388
339555
-4553181
-1970547
-1121222
-2637244
-1688300
345696
853444
-4129340
-4557337
751263
-2956235
-2482878
-2844079
-2929684
-4224741
-2911563
-4110223
-260654
-1459571
-1303780
-4969501
-4034461
-4862407
-1595243
705191
-2304166
-1233816
-1364937
-1864809
-3237033
-3952348
-1059293
-1470744
-4056298
-2739752
-2781396
-3937848
-2944959
36575
-1356158
573042
-356487
-3197496
-4580317
-1087364
-3522805
-3978150
-4224389
-1140872
-4179148
478211
-4702420
-625132
-4239812
-4355633
-2278334
-40232
-3712622
-4804793
-2219160
-390143
-3871643
-3577136
-1426480
-2986492
-2798738
-387896
-2274247
-4109944
-2453559
-884991
-135181
-480444
-1180457
-3025129
-4908928
-1919131
-3545221
49613
-1252690
-574297
-3270898
-3662919
-4927863
-3277251
-452455
-28509
-333382
-4974496
-4066009
-3625285
-1033540
-2178602
-2071020
-1010130
-2509782
-306973
-553219
-1878646
-4365294
-1252507
-1248868
-2798314
-695027
-4585430
-2774756
-2456071
-2333058
-293900
-3222722
-303846
-4754102
-1441947
441127
258010
375910
-2785568
162580
-1426269
-2598243
-2870444
-4926764
-4936146
-598269
-477173
-3043015
-1113138
-1159272
945912
-4567296
-2215769
245669
-4818875
838450
-3988101
619732
-3945191
865231
-1884520
-3738265
-4546333
11758
-1614550
-2315028
-1563847
-3691705
-904787
854394
-501195
-1594302
-3780116
-1605592
575121
-3965602
710088
524027
-1340935
-3495592
-4369993
-4349993
716948
-1996278
-447551
728697
-3868054
-3620825
-2508621
-2291603
-2827042
-4472029
-1337908
617884
214817
-4292135
-4202473
-279032
-3867415
845668
-2329401
-3571639
-1597303
-1264068
-2396791
820986
-2705884
-2889325
-4694719
-3728201
263619
-4490582
526304
-2091956
8876
-2609312
-4788040
-914126
-3597714
-3573940
-3557845
-4880460
-1327894
-418617
949264
-1840491
660182
-375739
-1309096
-1278121
-4146996
-2166123
-3487399
-4201048
-1360188
-4130920
-4985692
-2389134
-400343
-4051353
-174665
990839
-4605005
-4790324
-1525914
-3638028
-2511068
758953
-3592175
186464
-800820
934167
-4060081
-616969
-136966
-4949326
-583813
-4074495
-1980631
-532012
-3955266
-3672663
-2474257
-1349859
-154180
-1385954
-2791187
-896243
-2122533
-319176
-1192190
-3679300
963318
-3058591
-4916976
-241003
647687
-3813968
661334
-3606704
-4488613
-549637
-2168972
393949
-3313130
-1168505
-4427634
-1769772
-2401277
-2697141
-425122
-2253716
-848646
-3983843
-3473239
-791967
-4374562
-2356467
405681
-3173366
-4899773
-115999
369736
126531
-2809168
32429
-3843120
-1871258
-2402615
-2362778
32247
-630013
-3187444
-4381069
-342001
687931
455312
-1067834
-3092770
-781973
-2942436
-1994245
-4334311
-1913501
-622955
937357
-4309089
-3069439
-4098696
-1122789
-139243
-3317873
-1229811
-1575307
987838
443361
-1127237
-4247379
-2305433
-3668396
-2857419
-4510325
-2922278
-3739529
-4553630
-4580209
-4493517
-2528341
-1708423
-4287686
-742274
-3179969
-4215414
-3822485
-2254244
-2098698
-1433564
-28058
-3707250
-4042570
73450
-4754104
-945337
-10602
-286548
-4702191
-1851222
-384296
-4893637
-723483
867197
-4379199
-5039
-186108
-2088879
-3630601
-2217661
-3304443
-2480627
-4314365
-4259704
-251093
-1187912
-3956660
-3787765
-174999
-2020779
-2424653
560645
-3131325
-2339369
-1078627
-2001953
-2136612
-949988
-153491
641205
-3712383
-4891942
-3349743
-2363377
431507
-408975
990669
-1797793
-4851401
-4426857
-1983315
-3735218
770469
-1654400
-4454635
-3624112
-768822
566300
-1640268
-732431
-2241784
814312
-1071223
-2911906
-1319542
-1279549
387482
290358
-1009453
-2216659
-2023876
-2837606
-4732251
-2870143
-2009555
-1213423
-3605840
-2824571
-657940
-2734728
838444
-2749710
-805126
-266306
-3821593
-2160705
-807040
-1755587
-3432686
774053
-4568721
-4924807
-2243040
-4938944
-1938391
-2208932
-982285
-4362619
-1258612
548918
-153476
-2008819
-1915870
-3805823
86731
-3128170
-1613510
-1265053
530072
-2470437
-4924930
549972
-3043433
698328
838584
-974863
-799231
-2111720
-155586
780420
-3568157
-4109573
-4742772
-4710810
-1984462
-1574155
-2109422
414106
223870
-3797812
-731573
-4360611
-3141315
-4626960
-402218
-4914314
-3077831
344306
-4256326
-2505754
-3928656
-3417544
-3746146
-4594150
529944
457071
138139
-1287210
-75314
719087
-38604
-4604829
-2641421
-3750791
-2114356
-233749
-2981324
225867
-2736900
-335598
-4929743
-148687
-3759618
-540599
7723
-3234859
-92792
-61895
-1562227
-4861844
545925
122104
-3429295
-1681999
-238549
-1028052
-3208510
-230923
289021
-1758800
-1196228
-79469
-3457885
-3666853
984456
-866230
-4978162
627725
-3966602
-4467810
-3834918
567118
-3715063
-3773201
-2963477
-1361809
-3669015
367497
-1607539
-1809442
-953834
459099
-993759
-4794346
-4856477
-1954357
-3339743
-1807463
-4303039
-1801508
-3962913
-2642343
-4326659
-4741640
840594
996685
666499
-2578554
-3976696
-4779189
-3229939
-4373943
-783706
-2173725
-4804288
-1310945
969818
-2503657
-4156377
-568547
-1917363
-4501803
-2634277
519731
-2979545
-2555078
-2392812
-1280051
-4041412
-1789308
-2828106
-2612940
-1658523
-638090
-3009459
-2394932
-4562701
-2075090
-2370029
-3806320
-4611475
-4431980
-3813771
571809
-2383089
-785531
-1051062
-2332705
-1284508
-652230
861543
-2741930
442647
-4785831
-1115632
-2196794
983654
372347
-3168662
-4214876
947970
937379
-2432415
-3484397
-4219304
-2229009
-4306116
-2290099
-4816767
-2065816
-2432996
-4574869
172527
-4954722
-524306
-4819524
-3956123
-2449051
-901614
-1573332
-1009598
-1348820
-4649470
-3094047
-157552
-3296462
-3056329
-4739978
-1924375
-3939215
-825691
-234728
-485606
-3425430
-2174771
-448947
-1764183
-4914136
-1444186
-4326396
-124055
-4017352
-3993860
-2960749
-1879163
-972255
-4156606
3694
-3554899
290617
-2006334
-988506
-4616916
-1833876
848094
-4390945
-366669
-2985767
-4307113
-2933710
-2217103
-186465
-764539
-1970488
-3123946
181611
-1803341
-4352107
-1695812
-1498115
244930
-2181920
-3192914
-123819
621599
890150
-1264217
-1185145
763915
-614479
-1121435
-1109131
-1921530
-108106
-2904592
-1937790
-3257304
-2108306
-763482
-4458405
131326
-583648
-310403
640731
-2796724
-4070415
-4289303
-4839401
-2954319
-4953751
343591
-1837215
-1316433
573096
-2481924
-4485519
-32256
-139526
-1054292
-1406395
-2807608
-1297263
-3151499
-628552
-1346938
-477921
-3223486
-3317300
-886244
-3641271
745579
-1796929
-399242
504798
-4400777
-2268607
-623866
-1300942
-500140
100958
-1536033
-3760718
-2909274
-3257723
5916
626635
610339
-2540578
-264693
-3552078
427824
-3818815
-1910916
149170
280883
-2770368
-2569664
-2505739
-1784766
-3447490
-2608990
-1346166
591302
-36118
-1126122
-4341582
-1012872
-2341508
-1627340
-209533
-1213925
-3690228
-3645257
195505
-442251
-210869
-4545704
144913
-2429354
-2907764
-1549003
-803046
798550
-1351193
-4231535
-1086075
-2995116
-3121635
-2357960
-3804139
-4018410
-922302
-8502
-2523587
-3628262
-4792328
-115964
-4101812
-4639386
-1313880
-2085324
932316
-2975808
-820309
-3439888
62261
-3084636
-3749296
-4507391
-531249
-1088352
440084
-552861
286347
451830
-1496304
-4424974
-4200811
710365
811907
-2496601
-2054373
-4522743
-1909264
-4588403
-2554289
276607
-2707237
-2366693
-4544541
-4626267
-1924518
-4652495
-723373
-2224135
-4852023
-4971932
-3514565
-39312
-3031507
-3813502
-2146667
-3347498
-743413
-177326
-1221522
222445
3036
152049
859427
-3126362
-649283
-3410300
-4650726
-2310900
-1018223
-1102324
-819876
-2704875
-4011345
-3478964
-4493210
-1206246
-3534059
-4815035
-3249990
-4620984
-1333605
-3464870
-2519532
451866
-2467834
994322
857843
412186
-4233587
-670203
-2260784
-1596715
128036
982831
-2420754
-4432523
-2318333
-2670728
-4570290
-2349380
-269875
-2368288
-185941
-902109
-1034648
-1383580
-894059
563260
-4905158
-992000
-4757959
-1995905
-1811761
781304
-2094472
-4209245
-3637503
26878
713319
-4022948
-2585480
302286
-461842
-3954151
-4339848
-1569078
-361522
-3616826
-4976821
-3814641
-2059648
-850536
-3362057
-3398643
-238180
537708
-3163991
-1338748
859994
-1787586
-4990412
-3240849
-4757393
-2068470
-2926605
-3512846
2209
-2163537
-3824078
-3596449
708325
-239216
-4314762
-2681610
-3960612
-1522565
-833917
-2254995
-2776595
-160719
-4188367
614751
-2504262
156443
54385
769422
-2148391
-4238552
-2844235
-1077449
-1800623
-1759082
137657
720742
-1504894
-3092146
-3216930
-902963
-137219
-3807786
-2791965
635924
-202379
-3640294
-168759
-1059386
-437505
-304344
-4294150
942173
-70357
-3164887
-1368648
-3861060
-4748495
31510
-3297923
-2544715
-851699
-3383779
-2583056
-1473803
-3909978
-2250508
-3351584
-865164
-4349993
-2296038
-1661118
934
-3054205
214125
-278316
-176354
-3470373
954757
-1559589
-4648528
-3345263
840460
969973
-4577635
-4911208
-2720988
-915160
-2213422
-3304251
-747241
-194456
-4080019
-3174725
-1020265
171011
-2743128
-2902805
-1528271
-2732153
-4095259
-3472791
-4467826
-2159467
-1917679
-2616083
-1402286
-2707515
777565
-1843853
-977670
59985
-3722232
-2938252
609364
-1345357
-4248432
-347192
-3179824
-4414850
-4294004
-3750605
869669
-4650292
321936
-2165428
-1258454
-1826152
-1349251
-4878485
-2621885
-4535448
-3984323
-2137076
-759873
-1651109
-2655457
-3546066
-4961616
-1494815
-2628650
-1314667
-1744644
-3714235
8853
-2442246
-805272
-1342334
-1324909
-1783740
-3469677
-3455769
-4649726
-115751
-1536744
-3238914
-1076151
-3736823
-4930342
-3719329
24547
-3977726
-642760
-826038
-1201524
-2670932
-1623276
-3406106
-3479859
-2944017
-921255
-898312
-1613879
-1671289
-3094545
-2107430
-1837693
-1629502
-1936418
-4208639
591810
-3889408
-3780902
-3273705
-700830
-3547812
639945
-3090117
789360
63005
-3251859
443561
-2676427
871074
-2831624
-2059583
379814
-3799385
252424
-4878596
-4811758
862571
-3089840
-28464
-4491261
-4761898
-1728214
-2588688
-3207646
-1982306
-3824205
-3579557
-511804
-4387298
682133
935613
-964290
450899
-2001162
-4104925
-4540830
-1765103
-1432919
-623831
-2518427
-3668272
-3022521
-2700328
-318871
-4859735
-1818218
-228657
-441212
-1801620
-194240
-955714
-1244602
-3715545
-145698
-80216
-4744369
-1933118
-4932313
-2960802
-2850337
-4533936
-2871371
-1350177
-4031648
-4217225
-4844684
-1967918
-2056776
382982
750945
-4068295
-4058151
-2196922
-1665266
-2301465
-489022
-1841164
-1913014
-1691818
-1535149
-833525
-973843
-3468961
-375179
-4448988
949550
-1877486
-3765949
352238
-4528497
-524153
-547854
-4730333
-987174
991588
-3704128
-4247074
-3424451
-55851
-3198679
-1932155
-1073896
-116740
-2411662
-178015
-2772040
268922
-192688
-4255147
-163825
-2265377
38307
275295
-1162943
-2646469
-4943328
896627
573814
759653
286257
-3153921
-2466920
-2563331
132942
-586315
-174704
548258
74603
219735
-3422100
-3240792
-3854875
-4886857
-3155612
-1192362
-2732294
20270
-3270837
-4272919
-847296
-3583963
-3643090
-4015073
-1063914
-3991465
-3161397
437833
861809
-992207
-4424263
-921647
-55708
-2829067
-922341
-2958779
-4707752
-1823061
-4536167
-623918
-4409199
694345
595845
425661
-75897
259016
-4199200
-4617786
-1095109
-3759401
-3184314
842279
-2393556
959548
-3037983
-3905290
-1814146
-402775
-2919438
-3529300
-4593232
-1336725
-448298
-2546205
-4951180
-3127860
-1776072
-684521
-367804
-1230391
-1203414
441603
-1268690
-1001452
-422294
-3398478
-3291496
442725
-1687631
-3689394
-4554223
-2382807
-3922170
-1881876
-3906050
-1604563
-1290129
-3802164
352460
-4296221
-811535
467218
644624
-67930
-4192204
-1450090
-4130434
-141350
-670900
-1769425
-873522
48855
-62968
-2970235
621066
-4863734
-1241752
-1095062
-1645511
-4584410
-3197721
369565
-353000
-1095170
-4315006
375445
-1743663
-1730544
-4735878
-2410227
-2309452
-4270319
-653616
-4467750
-476519
-1160847
-3649969
-1700182
-4546550
-4150551
-1938299
-4304447
-4653381
-783768
-1884444
-4955379
-989197
-1032013
-64665
-1687532
-2104056
-2117367
-4549535
-120313
-4685984
-737977
-2659197
-344884
851829
-2616498
-3557311
-838526
-1365337
-2009178
-4845507
-3671795
-4602662
-5865
-3407455
-378533
-1220604
884841
-4135425
-4024544
-4935036
-1596760
284526
-3840816
-3094745
-2231094
-4084819
740604
-1043284
-2418269
-4767194
-1434899
-1267610
-2285450
-1656147
-3067051
-3361176
515682
-2658783
-551701
-173133
-1352522
-3286994
813499
-786184
-4228732
-2752695
-4373262
-4826414
-1425242
-1903981
-2128566
-2485679
-1662127
900194
-2697693
-1894998
-4394783
-4970531
-3868260
-3847813
-4250298
-2355266
-1463700
-931176
-4820667
-630870
-880818
-3900407
836896
-4223379
-607099
-2131470
-1593855
-211028
562619
-2647265
-2516955
450099
-2399619
-2210375
-4743063
-1715264
-2281482
942257
-2215686
-3762133
222935
-2729349
-3564828
88539
-4241469
-4636486
-2768356
-2708396
-2594200
-4757475
-1688966
-175479
838270
-3163195
-2704708
-4403805
34654
-2431799
-765433
-1775599
-1830229
-2886925
6133
-1647074
865167
-2200978
-35401
-2484304
-3072830
-3253771
-2657324
-4944855
-3071908
-1674613
-3458801
-1034314
-1229972
-495683
-320111
-3942640
-2363309
-170518
-1967362
-1745988
-725523
-2663153
-4096442
-256912
-1935209
-991293
-4833225
544779
-2197505
-1581069
-1779675
-3194064
-3443331
-2876671
-2811725
-630909
-3121358
-475189
-4049499
-2872490
802942
-4326653
-1264352
-1386766
-1969055
-1539751
-2975194
-3262805
-426451
654892
815197
-1464366
-4427912
-3263534
519690
-3274353
-365602
730061
-3259919
-2404957
362253
-1418110
-4677791
-3638188
-4453084
-2815229
-2496773
-3942616
-968038
-31477
-1844877
545866
-3544913
-51093
205997
859095
-859450
-4706611
946102
-2958431
-4123443
-638583
-4187933
-3312350
-184585
-4232624
-974717
-4584670
-105036
-962531
-1847271
-1306015
-3160330
-366729
-3393343
-3492131
-1950001
-1498302
-755688
-3409168
-206233
-2138304
26605
364301
-428495
-4432604
208312
-2327565
-4006007
-4951332
-4946494
-484365
-620023
566497
-4551036
24717
-602308
-1346392
-2592045
-2552452
-4338518
-3585989
-2182157
-268409
-4492948
-2956663
-2362062
-4140596
-1104411
-1318286
-2790903
-3534112
-1302408
-813178
-4440651
-3043973
301494
-2222573
820211
-2715691
-2921511
-4380269
-2168888
-4479243
-3461421
-2837039
-1165071
-3998750
-94034
-4787621
-118946
-2137713
-1393538
-4097855
-2353917
-3333429
-2960900
-1154919
-924520
-4075951
-2901622
-1694691
-549699
-330566
549695
-2088443
-605419
-40581
763400
-3706432
-1794346
-1443375
554917
-2639803
-3302843
-3406917
-3313748
-1899198
-456770
445855
-2334612
183418
-4033525
-435167
938493
-4030994
-1908136
415910
-1367991
536955
894521
-115778
-3061059
-4633438
834415
-4759200
-2663460
-1241013
-2771475
-2753098
-568732
-2598688
200610
-589385
752174
-2391488
-3312762
-1282198
-1833816
-4009670
-1608648
-2148037
492968
-4610119
-4934453
-4102258
149141
-814930
646987
930094
-2036747
-3668041
-1040504
-1799829
-635817
-4142112
-1008770
-1423768
813093
-423439
-4203306
780473
771640
-1143320
-3523
-4071212
-273700
-3180111
-874807
-4717003
-916516
-1626764
-1322984
512017
-189633
-2421317
-1402351
-3067162
-2876168
167660
-3886574
-2070419
-4199782
313810
-331447
-2551300
-3580006
870110
-4083374
-623701
-2189707
-1608405
-3021668
971407
-1165293
-730069
-2858509
-660187
-1045446
-3113064
-2459916
-1544925
-1498240
-2621992
-2071270
885884
216562
430411
-1301892
-3071979
-4262085
-1974892
-4241575
-2350430
-2350868
-1150078
-4389605
-1020916
-189074
-3775771
-2945365
-873431
-587131
-1613249
-4882197
-1350706
-2458721
-4101046
-2031977
-4163140
-2350996
-843835
867791
-4857906
-4516644
-2576632
-731517
-3384096
-2908882
-2227983
-1743756
242983
-3538637
-878981
-3649926
-1324719
-2270072
520654
-2340950
-2403477
-2266726
-1476187
-1594590
182208
-1241739
-1805065
-2231910
-3234185
-216470
-2577812
-4475131
-780334
-2598561
915448
-1510786
-4594858
-822751
721790
-831290
-1896785
-4040809
-2321597
-3422698
-2538579
-178152
-374851
-470105
939111
-1384101
-1725455
-266745
179829
-3062515
-2963499
-3401653
-4716594
-2247659
-511993
-2439428
-200091
-4737433
-805056
-2515299
-2970655
-2572953
-4614488
-4545893
-4437864
-647908
980645
-1761929
180760
-2561671
-2604371
382534
-2921447
-2124536
669329
-4924861
-2823307
-2348309
-840139
-2854108
-1948217
-4553191
-2355521
-164538
-2004516
790619
-1271845
-1889348
-4793594
-4361346
-4727447
197076
-3964680
627988
958988
-2697639
-4655455
11811
-281926
-552692
-4994669
-4623252
-3386677
-2755084
-2669410
-851183
-4403070
-3585512
820969
-4343869
-1616824
-3404370
-2441943
797892
-4528885
-1371205
-1849088
-4080749
-3896972
-1450956
-3040446
-4063762
-3563866
-4351290
-1416989
-4103995
-2066228
-2018596
-4531364
-564481
977594
-3351378
-1353359
306678
996890
-656769
-4814987
-990963
74939
538264
-1960300
-2113568
-4903498
-3437412
-532273
-3528963
576682
-2541448
-4562180
796547
-440328
-3592017
-4138904
-3725932
-1373402
-2246833
-3236671
-514353
-2900694
-4405268
-727300
794410
-719976
-1372276
-3968147
-203188
-3984693
-1584778
550295
-1738632
-4507960
-3284966
-3904758
-221387
-3548604
-4249882
-2649549
-2248576
-3172530
61576
-1898628
-4627994
93982
-2688024
-80275
-275164
-3219880
-2279394
-305828
-2319978
-3452597
-65380
-1304923
-508726
-1952687
-3573857
-4795127
771685
-2140525
712147
-2662006
-3657672
-801310
-2481450
-3444210
-788587
-2271780
128471
-1511163
-2149670
-2411988
-4069000
-923973
-1169295
-4973695
-4200494
-1029259
-4870561
-2617555
-183290
-159894
-3664078
-4018264
-2288014
-4031649
85347
-655601
750078
984201
-2617278
-1404309
-1559643
-409881
-2429550
-3030737
-2646551
-1134122
-4658694
-4439330
-805323
925097
-2994996
-2721930
-4115618
-1072427
-2189374
-2249830
-1572872
443291
-2754974
-4056842
-2235967
-3390494
-4881457
-1489763
-4052560
-4576627
276290
-1980006
226830
-4757646
-4952770
-1478351
-4125370
-4522011
260312
-147996
155310
199782
-963491
-4412980
-2488065
-2935900
-4743446
-618817
-2054077
-588044
-122974
-734104
-2544598
-311116
-1763998
-277713
-763389
-2273897
-3645734
-3538786
-419521
-2547249
-653705
-4927242
-2509516
-2256484
-90912
-239605
-2476445
-1368684
-3691166
-839098
-3028687
273464
250063
-1503095
771537
-3766437
-955575
-3982096
-2496833
-3706907
-3353755
-3616181
-2263215
-2641535
-2481338
-4449530
827850
-2193186
-4896371
493861
-657182
-1977344
-4740303
-1810150
-4389168
-3706722
-3100472
-3986803
-1511765
-2410599
-4980550
318921
-1694228
-122636
279326
-2675287
-2750504
-2459904
901256
-4540546
455850
736259
876349
-3459939
140932
-4679699
-850788
-571998
-377717
-2312396
-2305753
879039
-2516307
-1244415
-2234531
-4695852
-3312249
705514
-569381
-3873726
-1694823
-2473045
924632
-950773
-2964072
489818
-1436232
-2046375
-2778952
-4311673
-968618
617159
-3558688
-2192232
-4557713
-2391849
-1117110
140870
865882
-102633
-4758770
-2169849
-233280
-644172
319233
-3029417
-938755
-4406960
-4153253
849860
-1861538
-2908939
-1461182
-3669711
-1960376
-1812611
-1912052
-644628
259168
-840379
-1307778
-4498808
-282035
-2787913
-104845
-2878779
-3107941
71023
-317907
693626
138537
201419
-583511
578504
-891916
-1279735
-1068598
-1685616
-3858230
-2669033
-1895364
-322354
-2114053
-4448834
-1603480
-2734160
-2474931
525086
-3998227
-2398771
-729245
-2653083
-2823565
-1202422
-4138343
-2765033
-4627247
871168
-3943616
-1974440
-2861558
-2733962
-3118750
-2207850
-2528597
-4138993
-1864585
-1176388
82163
-3565333
-138734
-1808346
-2649172
-4192255
-2733195
-4943941
-2528904
-1641305
-598134
-918036
-1784216
-2517190
-557405
-2051391
-540940
-3115679
-3935309
796945
-4510792
-4601542
-2273156
-3263039
-255172
-3213836
-1158149
-4191731
-797630
42590
581211
-4150287
-255082
-4427618
-1514604
-3917622
-4612529
-745782
-929364
-2764221
-1500863
-2002809
527488
-2556353
-1998571
-3901510
-1993789
899177
-488406
-1333765
-866951
-1472530
-3374718
-3390389
-4975513
-185897
-3861227
-1021842
360314
-2948740
-4973588
-4872864
-3551931
-307952
398699
-1141664
-1109531
-2227941
-1450820
-4780001
780736
-2059208
-3631518
-4151019
-3344942
-1165633
-2955832
-1439684
-1086337
555041
-3027813
-4187428
-4532338
-4234388
-645985
-4675104
-2338910
-1426067
-2691664
-4800486
-4688528
-273322
-3105697
-3842093
-417980
-4419386
457862
-4044688
939124
-450109
-1436911
-2105428
-4919447
-3797758
-3344299
-4723814
-3545832
-3451623
-492668
-273865
-1494573
-4361130
-1498126
-4624353
-3691838
393576
-3645316
-1127694
-1510975
-4686511
-4558337
-2255020
84803
-2239226
-2369076
-1835439
-2723787
104809
-3986254
103897
-3818432
-2077147
-2267996
-1782769
-276947
-300173
-383023
818281
-1841841
-155805
-145892
-2942261
-3498492
-40779
495259
-287952
-561421
-4508446
-2719457
940824
762842
-3019174
-3475878
-3081818
-4439573
43154
-2689078
-4578765
-3699376
-4323766
-1586960
102471
-3491582
-3834993
-1835241
-4640734
-772612
-197693
-713300
-4001501
-3832496
-2248050
-3498867
-1874614
-3979666
-2555558
752791
-3311310
-3508332
30507
-906005
-2564370
-2625101
-1629020
-4107389
-186881
-2016558
-1308407
-1899989
-3706753
-3572618
915333
-1738914
-3708069
-641302
-4159769
-1811522
225982
-1466439
-194711
-19673
-4080866
-339539
-3066777
877711
402571
-2591464
-4586998
-2029432
-309118
336080
-3283317
60283
-4820506
763341
-4835273
-985820
-3846379
-3500656
-63988
798988
-3060702
-756182
-1187276
-36198
-11672
-3615251
-2982424
-319402
982750
-3334905
8800
-2266985
-4397330
610253
-1694149
894637
-4925629
-4735375
-1881625
-1450423
-4543322
935831
-4360392
-4835569
-4881006
-2341104
-869946
-2254175
-858803
-2336666
-1915825
-4609839
-1102820
-2989364
-3780216
-3423019
-3032577
-4441045
-4672896
242606
-1602981
-3428152
-3968988
-3031577
-4364483
-2335993
-2004357
-1023071
-2748147
-550480
-108885
-704641
-3051663
-923776
-3871481
-4110960
-1693245
-3683732
-4666280
-329291
-584452
-571436
-3070191
-710669
-723580
-373531
-1964240
-804188
-3247576
-3435842
-4765652
-213690
-82731
-2074512
-3268173
-2584522
-4206285
-749034
-4421532
-1008865
-4031577
-1402624
-487925
519883
-2508929
-4712703
-2579207
391808
412130
-2229736
-508747
-3523317
-1181296
417763
-825435
-307965
-599077
668179
366164
285200
263756
-1158396
-4234829
-2262542
-4153462
-2790083
-1320417
900174
-2073453
507349
-3822428
-3301583
-1089190
-4119629
-1777813
812063
-3609865
-4065891
-3886636
-1944529
-975995
-165501
-3576963
-841762
-4900843
-2868410
-1351258
-4972158
744603
-8302
-3888532
-3850145
583656
101146
-4184117
-3102133
-3047768
-1364255
475915
-1042601
-2213789
-842574
-3328962
-4828953
-4823731
-3284210
355587
-936480
-2055732
-4595034
-4104622
-3490030
-788288
-406372
-4200804
-958102
938911
-4782450
-2656547
-4121471
-996039
-65220
-4362212
914897
-4091616
-917153
-2165717
-3538750
-2882774
-4872417
-3917689
298173
-1018442
-4753938
-3938049
699573
-3224392
779826
-4180531
-467901
250845
-1700758
-496435
-3486216
-881054
-4385234
-3061220
-3751628
-723041
-522040
-4651716
-2705960
-658763
938483
-4990467
-4701945
367237
-1022697
-3004057
-3057732
-1057636
-1025528
-811758
-389602
-645406
-4360094
-1014841
-3009
-550561
31724
-710155
-1842482
-4447333
-2485787
-1595583
-3673519
-4501453
-1866688
-1384084
-855800
-962437
8361
-51263
-743506
-4539223
-395588
-769400
-667338
-591333
-1463706
-3875029
-3288446
-2574994
127693
-1208026
-3315359
-4611483
-1677750
-4569913
-15468
-1328390
-1142915
430015
-2104345
-1060216
-2004511
-4303871
-2474315
459389
-2040637
-4172956
-172047
-1833608
-4009453
996944
-1692325
-4338464
-3522559
-1992661
-4121194
115782
-943008
-4750382
-2095577
-244504
-3345738
-2465893
-1791288
-4304858
-3250240
180263
-3253033
-2952583
-3492698
-1470734
777920
-4719117
685023
-3059336
-3946525
-4925941
-2270671
-3397674
948413
580556
-32817
113830
-4453598
7906
-2940956
-2691018
-4151000
-84317
-4676756
822987
-4837551
100171
-639199
-3701880
-1594459
918726
-2544315
-2444014
-4561940
-412124
-1852722
-1862070
-4561159
150727
-3363150
909251
-3788252
-2248417
-4084029
-2427097
870434
-4202729
-4795483
-3994301
-4916339
-2218614
-495245
-2541484
-1731608
-884846
-1097445
-2275203
-1723825
-1694131
-3139518
902310
-2347357
821887
893673
-1191532
-2091383
-1238128
-874204
-3383402
727313
-2409216
-4415137
-4677377
-4265534
-4431877
-4441241
-609705
-1810831
-4881181
-449110
674755
-1535030
180039
-3889231
-4748840
929964
-3058757
-3314682
146470
-3621708
850063
550295
-460358
-4608273
-4734696
-973421
912208
-3100320
-340260
-3363979
-1655153
-424878
449731
-4347235
-1967488
-318483
816598
913204
-3352122
-2216260
-3988813
-4699446
395977
-3841886
-1738180
-4264478
-1343302
-2334364
-128688
-4499328
-3529958
-3449472
-2953430
-2172994
-2792370
-4263908
-4399465
-385181
-2619239
-1829475
-2854919
-2809846
-4629770
-4813764
-3767966
718934
-4270826
302535
-4795879
-1531315
-2610345
-1679936
-1837043
-2794528
-1623817
-3307794
-3290895
-4088630
-4312753
-1053261
-4834408
-4524175
-2259643
-3516243
694493
668870
-1323102
-4918397
-4771142
263245
-4686065
-4528498
-2379082
124240
-4584389
-818581
-3851892
-2787730
186501
-3264932
353181
-3852101
-3293244
-2622338
-3358485
-597968
-273119
-1762554
-1793383
-1242924
-3156906
-1359959
-1333638
-773244
-3598440
-4037185
-2248926
341125
-372805
-4709297
-961152
-2280477
-2769415
-2898910
-2366076
211173
-4286759
-329948
-4119089
237057
-4287525
-5017
-4067769
-1180205
-1120144
-3506760
-2902723
-2639878
-3204380
56235
-3232883
-4087803
-3078141
-975543
-4572571
-2153490
-3961486
-3467451
-3982034
814408
-4791746
-1703313
-3419914
199403
-3245029
955457
-4332753
-791248
-4810787
-2892958
-1975403
-4954349
157371
-922027
-1854411
792469
666165
247470
-4842628
-448212
384907
-949412
-397692
841818
-547242
-3491939
-4613448
611679
-1289591
-2546759
-663477
-495773
-2874727
897093
-3693011
630137
-238527
-805215
919896
-167746
-3941027
-171365
-1699846
-3285063
-1237664
-4015242
-3503774
-3397675
-4744183
-3099662
-4169044
483688
-4263705
-2682382
-2338607
-3663905
-1829505
-4007556
579567
-3283978
-591560
774895
-3368423
-3708107
699707
-1833884
-4883504
-3909472
-3873546
148498
-2775510
-739830
-919247
-878099
-1579719
491020
-4517421
-1528029
-3492067
-3641833
-250421
-4682136
662669
-408480
-2409373
-4976806
-3658804
-514635
395217
-4151007
-2330191
129419
-1930343
-3334396
-4422349
-261602
318173
365826
999269
-4340763
-2172352
-823459
-1008181
666383
-2348214
-2575698
-1180905
41429
-1074127
-4046549
-4813636
-766117
-34849
-345823
-1473308
-4967310
-3645151
-2229937
-1415788
193056
141878
-1855082
-4548338
-3072738
-2207477
626432
-1277536
-879021
-4183676
-3886362
-1435295
964921
273107
-33312
-801281
-2359151
-4386911
248692
-4005251
-1674816
-2306949
-2916196
793710
-4135696
-3540951
-2601387
-4753401
-1794729
-214774
-2205850
-597089
-2332398
-2754618
430183
-4241350
-4495776
921531
-3648483
-3380782
-1818603
48542
-1508180
-699470
-1755692
-1711847
-4986144
-159309
-592274
-1127840
-4155943
-3180847
-209153
-4961082
-4560010
-2995789
-2508191
-561016
-282146
-326457
-3101101
251622
926910
-1025050
-2207926
-224173
622732
-3261368
-30040
-1671298
-4375019
-2920283
-3154843
-1384691
-289198
-3281996
-2133243
-3949421
-1686823
-987119
-4854887
-4084372
-2914912
-1417909
739062
717191
-1088399
290967
975979
-3095101
-1049113
-1480048
-2617593
-1048236
-971120
-2787765
-2852896
-4999677
-1108566
-1176836
-1354580
-2877497
258442
-4267195
791716
-2143482
896448
-4304213
-4559138
-1248027
452997
-2199636
-1841007
-668410
-316435
339886
103236
-4281821
-2268142
-3991438
-1059620
-615059
-4588052
-295974
-1907620
-3304004
-576967
-1829397
-3252368
-3885869
-21172
-2492787
-1535421
-260229
-4012385
-1369025
927325
-4629759
-4464264
-3932663
-1178074
-1943619
-4893709
-4600702
-1230243
840694
-2881852
-2459143
824915
-3296365
-3177874
-2149271
640942
-3447324
-4238348
-1290731
-3398002
-4143153
-2188774
-3641211
-3100113
-879885
859036
-239325
-3645877
-755199
-4061152
-368
-2116609
-2998935
-764287
-200005
-3480216
-2339146
314521
-4533016
-1073005
-2098331
-3699718
-507578
-1407619
-2740574
-4331792
-1088138
-387
-1074891
-3616008
-4924068
754659
900325
-1956416
-1714918
-4570131
-3975055
-4365506
-3381004
-451359
-4273073
-668623
940847
-3787796
874441
-512800
-3831190
-4577391
884418
-4018449
-1428740
-4546121
-3934794
986634
-3443801
-2917189
-1261412
-549333
-4017879
-4040695
-1880638
-3664656
-4997387
-2913556
-759452
-1466584
-3423577
-2676495
-4051351
-1381137
-370902
696157
-737058
-817029
-80839
-212131
-3192098
704233
-1802936
403112
-4076999
-3832326
-2083981
162494
-442463
-844245
-623858
-221420
-3929307
-2162017
-3740642
454146
-8892
-241123
-1162811
-505886
-2884768
-3148705
-2258493
-1677067
-1998201
-4656466
-2028686
333027
-2258653
448547
-2427039
-4768212
-3201260
-1627
-3925979
-2406330
-3974141
-250025
-1421915
639214
-7166
-3669922
-1217173
-3261777
-3347073
-4597521
238561
-316542
-233520
84380
-4697830
-724484
72873
-1277912
968740
-4640745
-1222093
423371
-1374984
-3169729
-4000920
46878
-3374069
-2261918
-4107506
-400733
-3343082
-2357696
-4088842
-3041918
-3534493
-2368429
-4081674
912783
290221
-4831189
-60704
-2580452
-423822
752004
-3543935
-479767
-2095867
-793470
-4797134
-773166
921897
-25567
-1758159
-250101
-4215825
557226
-785035
-3418609
-253384
-3098793
464755
-41268
-3218423
370220
-377249
-1682001
-3257539
-1190904
-2858241
-2327728
-3056221
-1965173
-3143281
-4297422
-2825229
-793684
682573
-1875473
-3326666
-2344329
-1883533
-2854226
-3718127
-487436
-1157358
-2880669
-4315451
-2019283
-780893
676438
881809
-763557
-3044837
-704953
-3899208
-3577578
14919
-2389383
-3892596
285089
-3176857
-359097
989855
-429732
-388975
-2209966
-1430939
-542035
-609914
-1959737
-1448298
-1605372
-4421750
-4370261
-4532972
-254533
-3537152
-2003996
538747
-1258746
-396212
368840
-4769393
-2054549
-1086408
879803
-1419703
-314420
-2079832
-4425624
-2932240
-4100846
-44752
-1743188
-3668962
31774
-2782348
-158889
-3910284
-4566533
-1584341
860428
-1149010
-3473441
-2224603
-4746159
-1255034
-1531170
-980220
-4401934
-1298786
213629
-479314
-2089830
-4675352
-663528
-1898733
-1658558
-3549051
-2695612
-3379284
908318
-2349826
620581
-1108331
-3335698
-875384
-4635421
-479613
616309
-4123784
-781603
-4621482
-603228
-3812335
-1287441
-4103277
348333
186848
-3801104
645632
-1043253
310563
-252344
-3953901
-3580781
-2089655
790365
-2926179
-198292
-1949575
-1921294
-2021375
404560
-438743
-775419
-4997165
-1916326
-3229980
-4159395
-3661951
-1857626
149160
775703
-4371082
-4720793
-2709075
-3475756
-2016280
-1606547
-1953770
386421
-1358531
-1608053
-1054678
-3731514
-4390562
-2253413
-4747216
-727623
-105865
-1987396
73569
-2368353
-2792625
-1669208
-2211443
-648162
-3435282
-3919017
-340162
-2325702
-3290876
-4244071
-736992
-410298
-4280778
-2418551
-758886
172684
-583212
-2964542
-2585442
641081
-165481
-4138274
-125894
-3319134
-1114835
855434
-2856
-3020443
-3316509
-1575885
-2091325
-3253483
-4300782
-4886330
16573
-513683
-74846
325371
-4259488
-208580
-3414150
-3562657
-1187692
-4763210
-230417
51068
-3850327
-1506866
-521571
173494
-3412115
493918
-3452332
-4600754
-4309498
-1590014
-537088
-1248011
-2050815
786210
-2663393
-3623968
1080
-3329287
-3374868
-2810553
-575035
-2208520
-1726850
926584
-2808151
-4084480
-2455350
-2896769
-1058008
-4950538
-2637169
-4266917
-329680
-156391
445919
-1489629
-2381005
-4114165
-1024672
-2013958
-2720801
-1379710
-2311534
-3882297
-2286388
-1722092
661704
-1819
-2669752
-3517077
-4709054
-3985539
-4209080
-1787956
-2825095
-1580615
-1094795
-228805
-4681722
-2040211
-2575996
-1681966
-3579031
282654
-3592813
-545060
-1365384
-2973022
687884
-4453487
-1325848
-4888053
-788604
-3203514
-1060833
-4867675
-750348
-2784177
-782670
-4191921
-480938
-4859524
-2356000
-2245523
505050
-2026970
-4032491
-1400524
-499741
-3697895
144084
-2491323
-1093473
-1058620
-4282754
-2323537
-686423
-3459363
-4571662
-3856530
-1664717
580826
-995124
-459389
-3655208
-4765771
-1337327
-3274054
-3955944
-410853
-25237
-924017
-1800316
-4593174
-2108224
-1716321
-4191870
-3461652
-3030899
-957300
-1290931
-4924528
-1805012
-2961001
-3655692
-1976103
-3172136
-3897059
-4792679
336326
-4089965
-315525
541534
-4451740
-3423946
102059
21754
-3969694
785530
-2454274
-3322184
-2769085
-1334757
-3292186
-3134487
-2807598
-2105218
-1229129
102183
-1868442
-4165190
-1523918
779675
-4685330
-3807110
-907985
-3054958
-4339557
-1926724
-469170
-4913448
-1864294
-2756958
-4724711
-3516823
-4263256
-3337465
684307
-141004
-115732
-4852524
-3135242
-3709078
-1908884
-2858041
-3714993
273132
-1646556
-1579831
-1484716
-2002871
-4304599
-100711
-2230849
-3916227
-4053572
-4208089
232139
-3589081
-2712140
-819043
344022
39577
-3707664
378642
-2801986
-4652159
-585519
-2960533
-2474036
-131911
-1357147
-1370563
-162732
-2776398
-3640343
-2575322
961767
-1396536
-4192049
-2541888
816307
-764889
729619
449834
817625
778734
-3187268
-375279
413821
-2557640
-2804122
613449
-3081418
-1240577
339543
-2052528
-4965864
-609334
-4103249
-2969282
-296142
-2410619
623425
-4224242
473721
-47844
-1766791
-1510978
-3482047
-3036298
-1991453
-2781233
-2350446
784783
221132
407960
-2241561
-180132
-2862289
-3599650
-1315733
-3821344
-4718652
854881
-3458387
-2769080
-4104156
-3024941
-1854881
-991691
-1734199
-3180002
-2654123
-1842311
-4539955
652412
-1008669
-3396976
-147108
-2780500
-3963689
885549
-2587674
153352
251498
-4789063
-4564419
-1058118
-4708366
-4460538
-1728678
-1194383
537020
983687
666989
-1313444
713148
-1352462
-1970294
-3285643
-4983362
-1305102
-2172176
-722272
-4107982
-2370765
-1479712
-3689092
-860813
-3963264
881446
-2747912
452410
-3196129
-2496556
-1427501
-4023271
-2404512
926955
-2260640
-641398
-3791057
395457
-357242
-1462185
-3752455
434567
-4449222
-2378838
-4792689
-4936105
-1711088
-66795
-3514173
-973445
439284
-3093401
-1484968
-1623877
-2729084
-3897374
-1519642
-4987351
-2451592
-190338
-2240703
-4348972
396478
-51155
-2338534
-2275965
-3243288
-3938930
-3298744
-534078
-4971937
-4367567
-4433663
-1547340
-1737467
771043
-247707
304890
-501903
-904372
687636
919813
-3058596
-3700267
-4206601
-1568787
-1098261
-2306565
-1522553
-4935985
28230
-3220933
-4469826
-795176
-4618750
919380
-4189815
-3471500
-350764
-1530881
-2695612
-1885070
-1920694
-3941077
-2225771
-4980115
-2721229
-728821
-2711473
-3567709
-1559781
-3602598
-1930300
453344
-3321204
-647695
-2596058
-2563945
-2787404
-4780257
-911579
-1328864
-2259198
-2146085
65023
-2410569
-4825166
-2384796
-246165
253466
-3081085
-258472
-2442908
-1287278
734181
-4427314
33559
-1539025
-2891527
-3633249
-3719367
-4842964
-3386876
104683
-248983
-951633
-2621404
-2012661
257308
-3218057
-4326091
-1129868
-4393571
-3759523
-4718631
-3532903
-752479
-1341028
-1498432
-4980353
-4357611
-2712330
-3266087
-3476743
-1065918
-4148350
-1832935
-4401375
-3515402
-3886615
-1584264
-1691496
-3901611
-3195313
-4554774
782531
-880795
-1639632
-4427994
-1100706
-716444
-2876848
-1999227
-366115
626503
-1098332
-3842566
264908
-4421633
-1191792
-2101789
-2326159
697046
-4477967
-3137851
-905693
-3707627
-464983
-1361913
-4326835
-387043
-597320
-2898233
-3740521
-3476657
-1493661
-2385177
-718298
-2065362
-567427
-1555132
-1575377
591634
112855
-473402
-3348082
78665
-4560292
-2455244
-3612759
-3912469
-2216754
-2394609
-3650392
-3918387
-3998842
-1634371
-528092
136652
-1559383
-3159302
-2628632
315473
31392
-1244127
-3874743
-3356513
-2182764
428083
-2310599
-558278
131248
-3539180
-3736521
-825874
681961
-4874017
560978
-850310
-4059618
-4077128
-717350
902468
-4455889
-2026360
-1986851
-3202367
-2439884
-2965234
-3890032
-23536
-3540054
481472
-3643860
507573
-1593900
514883
-1441499
-4407533
-1379956
727286
-4581164
-2851492
-1272947
-2193359
-684785
420489
32029
-3240513
-4730187
-990335
-2437350
-3429308
-2812411
-1714055
-2562725
-1323571
118239
144868
-4031319
608867
-4241912
-576549
-1883902
-4605615
-272918
-3616296
-775329
-3411644
-255553
-4095304
-2197130
177957
-3841015
-457632
-899582
-602032
-1351232
98213
-696250
718365
433749
-1313577
-4567631
-4302401
363117
-1666098
-4019623
-2325455
621867
-2605276
-2639760
-4412872
-2539029
-4374372
-4075177
-1457625
-3810256
-1373809
-3598410
-2553043
-368213
966207
55418
-2958751
843235
-4792135
-1393480
-3364891
518847
-259263
-2076022
653916
-2033448
-3247793
-3350287
-693674
-505069
139455
-4385541
-943570
-3722775
-2350101
-2309213
-4255581
-1540119
-3250867
-4683085
-3141654
-4480958
-406532
-395506
-4788509
-3977112
-4399809
236347
-1699079
882373
-460588
-336076
-1354207
108550
-4985620
-4106621
-568262
833859
-613911
-2935839
-3983465
-2810759
30326
-4117987
-3683361
-4117356
-3781967
-1703294
-483582
-2727630
-639869
27788
-4298915
-4338182
-3329237
-4479222
955624
-2161449
-2206515
-4527436
-4329236
-2351238
627701
-3930415
-1276554
-4935701
-4195860
300650
-740457
-4677224
-645732
-2852070
-3775726
-4201732
-1088941
197871
-4188891
-3304409
-3596514
-3828645
-2068424
-976605
-2240603
-3670945
259807
-4748914
-2002397
-111896
-2937279
-695249
672559
-3398557
-2859599
-3251815
-2702725
-2129358
-1755128
-82539
-94805
-4851374
-2304395
-3895674
-2690154
879113
-2541279
-3794464
-196438
-1918731
-3420933
-2766243
-3458727
-2811145
-2895475
-2794419
-3887951
-1559703
-2537005
-2524960
-4797793
-939636
312629
-1795109
-131259
-3091415
-4749867
-2335974
-2926963
-2331811
155071
-1376985
24591
-3773696
-4436281
-1735940
-1332794
-1929407
-139772
-35299
489235
652459
-2240071
-2977280
-2951838
-4976495
-1672986
-2144635
884826
-3151962
-4500980
-3888459
-3739547
-1384524
579604
138961
-1319719
-467877
-2711546
449823
-220834
-2726332
-4276276
-4110881
-3931254
-3524742
-3286907
-3069390
225673
486312
-3485482
-3829145
-3334237
-1557953
-413236
-4352565
-1082721
-1433403
-2469214
646582
-600963
-4086727
-1127886
-2210383
581136
567733
-4577850
355042
-4778374
-1908152
-4784366
-387185
-4109632
-4746724
-3278088
-2860853
719266
883949
-575143
-3787583
-2497635
-1110046
-4551499
-2132139
-1697788
-2141910
-349728
-3736117
-3351391
-4159436
-3212672
-3809689
-1036079
-1731
-4260420
-1050744
-840636
-3084345
-65755
-3631066
-2466169
-2626294
-809098
-315839
-2481338
-3227083
-4153839
-4530570
-4824556
-4308415
-1647805
-1189422
-1937991
-2417560
-4290746
-3970952
-3196263
-2165577
-1563100
-975405
-728850
-2217770
-2919655
-4563210
-3873602
808779
-1726517
-664617
-3438977
-3157469
-2049080
-4221446
-140204
-1066948
-2016671
492422
-2451929
531107
795722
-4162058
-3541760
-2399521
-2660574
-2848052
-1235294
-244409
-3730737
347090
-2969488
-3320378
-4746258
-3071405
-80755
-1134260
-3760774
-1345895
-3238604
-837357
-1633400
-4055427
541159
-2855099
-3377770
859970
-812973
-4397419
-3400793
-4091740
-409914
-1553522
-2290737
-4563187
-2829446
-1693198
-1114873
-2804867
-2600517
274304
-3406099
-3313616
-3451194
696658
-836501
973429
-2492667
-2801769
57412
-2832004
571924
-2054020
-723169
932963
711964
-3292680
-2129254
-3768465
-4303556
988974
-2250068
-31165
-3393384
-1324555
-2044574
-178586
481023
-746332
-1264470
-1715580
-4786928
-2503290
-2365817
-3328983
109335
-1642850
840167
-1109027
304872
-3117774
-1137824
-39622
-3021162
-1329762
115815
-990814
-2012733
-4612923
707208
-2137539
257248
-2134630
-2864657
85389
-2192428
568038
-2855129
-4260330
-3242583
-2753841
-1637796
-519219
-4978744
-2690493
-389842
-1781702
175029
963967
-2389415
-2659083
-3405525
-3482598
-4581437
-3309050
-3337559
-903432
-925481
-4182243
986329
-907428
-1815351
987948
111206
-4001248
-4619704
-506848
-4415805
-2945109
-399278
890640
358029
-564569
-1545479
638777
-4971015
-2845242
-498326
-3087168
-1061235
890141
-140035
-3121806
-1869055
-525146
-4899710
-1386924
-1176666
-1948284
-1312481
-351044
-3863122
-1808881
-4433812
-408619
-4710221
998249
394896
-3219385
-4381661
-116280
-4861025
-2690107
349181
-4989044
-1007420
-3103856
-1519015
-2796218
-65288
-4593420
-1228489
-2642540
-2734175
-3529744
-1776832
428224
-3408383
928451
910430
-2333563
-2382832
-3703033
-1069920
-4993169
-302111
-1218348
614203
-2005530
-3321295
-2250178
-525474
-2101054
-4369689
-4206416
-4309580
-3538663
-992262
576011
-851375
-232365
-4451874
-3828568
-2025311
437904
-1217750
-1490402
-3534335
-3002369
-3110070
-982112
-4800900
-3602010
-1468018
-4212052
-3216293
-3575502
-4579470
-4501798
-1701028
702718
-1319483
-1811022
-3092989
-2915587
-1856831
-3670023
-478832
-3618337
-1756278
-3404385
-744751
-2818631
18795
-4680520
-2618833
342042
-1908220
-1880610
-3331670
-399258
-2774237
-483700
-4937983
-2714696
-4782415
-3236812
-4987738
-1103064
-685768
-1585656
-3322097
-1443481
-731689
-4906147
311393
719882
-3095402
-1079896
-3458974
-926375
-2921029
-4256213
-2274343
-1783483
-2676143
-1830887
-2394086
-701281
-246685
-3511388
-1208623
-643638
-1452941
-757216
-227843
-3807763
-2547973
711571
339850
-1322936
-2789770
-1217589
-4638251
-389296
-4698866
-218844
963779
-357408
-2092846
-3286292
-2453996
-986847
-1549963
318827
-3962136
-4019066
-4675727
-1273513
-3424934
-4620762
-1318314
790962
806509
508070
-4551085
-2707769
-324667
-4369481
-3182303
-4596647
-3095261
-4029176
-2280557
-338636
-4456525
-1247593
-4466345
-3225076
-1530039
-4869193
-257137
-2660519
-1403199
-2956861
-25685
-1816033
-1811111
-761921
-3131800
-4662688
-610548
-3961503
-1996223
-4270116
552505
-852796
-1461401
-2032835
-4358373
30252
-3486764
-2112332
-215952
-4279048
-4421580
-2433021
-3953896
-250032
-3389677
-624684
-108072
-1281600
-85199
-2235127
-4097949
-4531329
-389712
-1228778
-1169795
226405
-3913336
-4005027
-2680905
-3177303
-3189893
-2181101
-2837528
-514794
-2622000
-696712
833844
-4804519
449394
-2344308
652628
-1873995
-2824124
-4100442
-2843157
-171243
-4465853
-4087815
854706
-431025
-2453084
-4003149
-2893449
908639
-1592461
-3273864
-3724415
-3450961
-1912013
-969617
410921
-465969
-454184
-1733004
-3481135
-2374317
-1156981
-1808639
-2668525
-1006613
-638637
-2053525
-2560745
862139
-4320947
-495287
-2577765
-2531092
-4930604
-2506159
-3001209
743987
405131
-555576
-2518775
-2973579
-91602
-1493486
-880478
-3024087
-3905674
-4733980
-2948687
-4129403
-290158
-4889830
-3200156
913893
713289
-4461884
-1808944
690208
-3226457
-2131258
-3746068
-1376726
-1334716
-3014289
-2036622
-643537
-4364820
-663082
-1639163
-4484081
-4673105
725027
-878936
-312258
-2295656
-3419541
660507
-2596602
-4536964
-4585293
577176
-4698366
-702726
370574
-2787435
-4424686
-4787498
-4062080
-838595
522421
-2712547
-4516263
-4274750
-1630804
-1368101
-1839114
-3644918
-1561759
-3328241
103046
-2106350
-4301815
-2878589
-3729824
-1350369
375370
-230814
-1919797
343643
-3993678
-4537052
-771055
-1668460
-3134078
-3213963
-586642
-4522824
-2909481
805612
-1736717
-4217828
-730479
-4704088
-1661107
715353
-3935532
-890365
-3139187
812168
-709318
-2228926
-4586079
-3795794
-4216897
-3962489
-2422209
-1522905
-86663
-3089240
344239
-4655062
-3662915
-2398289
571454
-1099620
-2894354
165134
-1156606
-4727961
-1252803
-2789035
65906
-3668933
-736038
-4621932
-729268
-966505
-2111698
-3574425
-1837078
-3394397
-2218978
-1502764
989942
-1679142
-2822350
-211604
-3437829
-4019697
-764937
745340
-3455659
-4600410
469068
-4353236
-2127356
-811473
-2235042
-4308232
-4950372
-3307696
-2059319
-4966292
-430585
-4110780
-1065145
-508226
-3902425
-1403217
-432970
-1175827
-2573019
835689
-2654762
-1568680
-464893
-1145911
-149197
632572
-4904546
595667
-1887760
753164
-2805636
-2374560
-4459442
-3787743
59982
-383527
-4406331
-3881792
-4920623
-1836983
-1446813
-1919213
-4073916
-646263
-4024122
-2624096
-3361142
173444
-722050
-3172740
-338210
471148
-897881
671487
-2649381
-2722445
241598
-1626600
-3195178
-3369716
-4135627
583776
-459937
-4269773
588368
-3759599
-822774
-1256405
-4132623
209608
-1465123
-1536093
-2764458
522169
-407006
378102
-1042691
878346
508178
-429295
-591123
-4256246
-4274868
-2371334
-159300
-3729606
-1743556
206181
-3462623
-2412920
-2385073
-4139108
-2109688
-4213205
-3129375
-80639
-3598920
-1580495
-881484
-2179857
-1811171
-4817005
753206
558669
-2478416
-3994427
-3823973
-736633
-3115411
-3129639
-4487868
-1497645
-3639704
-673143
-183169
-1486553
-2777047
280250
-4707513
-2472969
-3754523
-1492892
-1090331
-2942427
-2254927
-1019504
656758
-3851157
708668
-4963200
-2416026
182562
-1790782
-2896409
-1245654
-1909607
-4221908
-4630656
-4876413
-3665263
-160530
447489
656365
-1704677
-4558516
-2048302
692440
357838
920604
-681995
-445518
-558394
-2272975
-305258
-159696
-3191946
43274
-1351029
-3813315
-289549
-4503354
-117877
-3673980
511980
-1848952
34529
-4203927
-3166486
-2721960
-2772719
-1595465
-2283605
-3633019
-3338493
274621
-2062697
-2200274
-1946328
-4497105
-3383272
478272
-2596724
-1989437
343914
-4069975
-4782661
-2844891
-2170032
-4134211
-1838390
-4185907
-894422
-1301815
-2819437
-941862
-1875194
-4443000
-1281941
-1402546
-1308883
676961
-565603
-3286864
-3637608
203886
-46992
-3390593
201636
-2363131
-678727
34177
704604
-949200
96031
-3715241
-3988175
-952183
-769822
-3869987
-4319055
-3308035
-3924280
-3629719
-4268605
-3145428
428424
-612911
960431
-2753763
-3207513
-4661232
-788510
-4153496
-4375275
-495863
-412788
-1596809
-3541583
-1362104
-2189130
-3061720
-3448788
-4133885
-642219
-2219492
-2993507
-1546926
-4963953
-2597602
-473902
-2416687
-1797743
510471
-1005539
-3608343
443602
-3320246
-2173349
-4394509
137042
-3043532
-639024
-2278528
-1047103
-3297240
-2004917
273835
-438652
-244713
-849385
-2387911
-1508388
-3360246
-369703
-3799205
-3487630
-22221
-4595680
320140
-1400966
-3720561
-556573
-2706991
-3846394
-2044130
-212418
-626580
-657359
-1330200
-2071432
23186
-797956
-2665317
-609806
-3460193
-2926854
-203490
-3811267
-3195843
-2440245
-4030963
-4090470
-1819477
-3859072
-4545558
-491395
-1818632
-4063138
-3348465
-3308163
-506730
-1901370
-1231408
627278
-2811315
-2362729
-2448242
-3612753
-4012217
939845
-699514
-1484383
-4588510
-3407943
-1606710
-3129809
-1803654
-1626091
-298544
-2761518
-3382949
-3237035
849606
-3977178
-2941060
-1927381
-2988537
-4369600
-1613318
-2475147
-321755
-4724914
-193824
-4925745
-2585426
-2135189
-4756918
552791
-435325
-1926154
883411
-3720565
-2539099
-4512827
-1760645
153426
159326
-1841159
-4567190
-4686821
-4203574
-2622243
-4135375
-343258
-3962673
-3946573
-4097805
-2266691
790271
-1240065
-2836371
-3339091
-4625103
-4228048
619347
-3933812
-2242220
-1576915
-2376580
924390
-157462
-2346893
-3083282
-2208590
-4253108
-4311714
-4296743
-1460713
-3337434
-4717644
-183322
718029
-3127409
-165751
-695736
-1481517
-3768654
-2992867
-3098976
311093
-2225914
-2200503
390800
-4555280
219415
-4784072
148579
181161
-875074
-432160
-4134036
-1672315
-1068766
-320184
-4714567
-1129937
-3333409
-2761616
-3521536
-1949313
548247
-4257195
-4757811
645671
-267453
-1067169
-3165229
-4102594
652004
745008
-1543977
-3185963
-4393855
-4244310
-540617
-2472315
-3570952
-2430342
-2480236
181825
-4379533
-948305
-469838
-2154184
-3524672
-2627308
-15121
-1073016
-3165016
-2956114
-4510049
-2496772
-4429019
-4236076
-222902
-4892695
-1120004
-821558
-2220235
-2495076
178324
-2246165
-1020137
-3445834
-744054
-3729422
-4476372
703815
-2271437
-4601646
734360
481447
-2392136
98915
-2342825
-3265209
-1490140
831982
-481544
-1346072
-871476
-3984358
905351
-605893
-1437968
465988
-4292707
-259676
-3234508
-4034469
-2197447
-705349
-4647000
-1475102
-4458312
529888
-4670773
-4826367
-3953708
-4761120
-1611525
562114
-1475058
-1876438
-2461232
-1708985
440698
-4746946
-4224054
-1512678
-4473505
-3510563
-975704
-3887244
-4791039
-1673718
261670
-1590833
748619
-4373409
-645615
-4353900
-3799531
-587170
-2025242
-4503338
-2689581
-4988632
-4389115
-2760658
283480
-3003399
-1102143
4824
-2895453
-3483885
-3127659
-3287434
-499138
-3548322
-709386
-999623
-755508
-115653
-3852399
-4764842
-1152745
-2699670
-676931
-3429094
-3004514
-3426500
-2571450
-2309587
-4204148
-920935
-2486241
-3231197
-1840294
-3612250
-3994655
-765524
833741
-1309171
-4003159
-2843615
-1447666
-4789603
-2114777
-1431032
-4568180
-2978611
-3876157
-1502072
67795
-1243681
-3251989
-878381
-3307141
-3247228
-2399028
-4872296
-962525
-187730
-4501746
221637
-3672028
-4164027
-2746354
-944937
-25701
-2671932
345076
-1170377
-2881050
-1365887
-1858264
-3716793
-2638903
-3136815
-3463887
-1252781
-2281682
-257291
-2437446
987401
-4136267
-838865
-145313
-192883
330413
-4969767
404330
-3401639
685969
202537
-2429492
485227
-3730088
-4227165
-419505
-3494991
875895
458336
-384383
193523
230299
-4930203
-4998375
-2399198
-214525
-3591608
-4328686
-1714114
-1467817
-1526183
-1048212
-740452
960836
-2708542
-3113249
-4380215
-1241663
-4987343
-1425900
-1554017
-2082198
-3004417
-1064517
177922
-4658982
-4862964
-717057
-3930766
-2352759
-4746457
556778
-129365
-2295142
19435
-4664898
-4166258
-1584393
-611304
-3727085
803776
-2367198
-2838986
-1779256
-120780
-2627798
-1028033
-1272852
-1421732
-2693872
637156
-2289354
-2868322
801281
-1156272
-319854
-2365375
-3314061
-577120
-3736396
-2343698
-3305206
-4899336
-3010407
-2689952
-710406
-1995425
-2490287
-1327383
-3493371
-3015906
-2150175
-3324362
-3725079
-3904356
866831
-78323
-2151399
-3960996
-1320760
14727
-1116092
-4016140
-1314346
-4388041
435941
-3136927
-2982436
-918597
-2392996
-2036512
-2406431
-4802779
-1892729
-1809583
-4072803
-2443837
-2922608
-945771
-2019290
-2803357
-1384817
-2750054
-4324355
-4678255
-270448
-2082103
-4811626
-4340294
465389
-2363541
-955014
-2127199
787005
-221210
-1269472
-1792641
-3528976
271702
-2931435
-2818001
-2533459
232934
-2467855
-4332314
-4382707
730740
-899685
773005
-3643240
211038
547064
-2415063
-4522215
-80519
-723276
232158
-3573922
-1960897
-4704544
-3593385
276676
-2307731
-2716200
-3820582
-367114
-104377
-3122135
-2581930
-3771501
-644989
-1996636
-3041261
-2641428
-3176985
-3939581
-1473870
-2440676
-3284254
-3200889
-2487094
-2391041
415667
-3881274
-3854390
-448504
-3218104
-2659967
-2157932
-2533688
-123344
-2138501
-3101465
-777426
-4320630
-4664525
-495766
311149
-1823815
-1014462
-3678945
-1133309
-3827278
233052
607255
-1022314
-4320391
-702914
-1976378
-2368549
-2539898
-389117
-1398491
762174
-834828
-1907049
380377
-4367780
918191
506793
-1229962
-4974155
-1838410
-797252
-3014033
-1330597
-1927594
246071
-2676333
-1681015
-831621
-4630470
-4437371
253290
-428341
-3017547
-3131342
-2789847
282723
-1600085
-1663055
-4277995
-3743018
-1724939
-3424616
424422
-1586474
-1643465
-2874749
-2223467
-717178
-4040511
-3650734
-2694835
403705
-1323677
205
-2991985
-2511509
-4034240
-993856
-4158375
-3330648
-4867759
-3147567
-1582014
-1948684
-1506461
-403027
-3498854
-464638
319972
-4720057
-1387442
-2611981
-1826171
371020
-3609717
-2295469
795809
-4349881
-2692493
-680984
380378
-3884340
-893053
-398247
-477861
-1473240
-826765
-3733179
-785364
-2648039
-317335
-113189
-4948961
-4907412
304950
-1150890
-2379922
-1197755
-2055399
-4047709
-3313343
-4876867
310802
-1566807
-4643197
84019
-1117007
-4497998
-4240356
-1312243
748094
-1428415
810481
-1309191
-4209379
-2446897
-498688
-388634
-4427434
-507856
-4405442
-206566
-783613
-3952693
-3148953
-1928672
-4311069
559499
-3587851
-1056577
-4628424
55511
761294
-4447628
-341367
-3043266
-4622178
-1164491
-1879875
-1377000
-261064
-480817
-2663156
974975
-1960651
-201961
-3624352
-1055977
-3577008
-956986
-4014