84393
93154
-38706
50541
21242
62534
21144
50273
20313
96721
-39434
64214
28394
75453
42541
6314
68334
42761
-46283
39337
-46268
-42146
-36235
-30519
65910
-49513
73818
-8938
-35258
26410
9995
56634
32278
-47608
-2165
-9657
-6375
48676
-3476
93835
58103
69479
32283
-13310
27660
-39760
-45919
10931
95548
54822
-44742
-32565
23415
-3785
-16949
51624
-22634
-1434
63174
28017
-24580
77529
-10536
72688
-10970
16797
-39933
53003
-29900
71202
-11527
-29443
-34664
17825
95676
70467
23265
-16940
57722
70679
50586
26683
97502
35847
-45163
33753
94272
54370
-6606
43187
94353
24788
8779
4911
69328
-29315
21307
-38183
6728
-44737
32382
-40821
96484
44037
-328
32095
6245
53227
2123
-39521
51912
-10125
-31049
-48280
-48170
99555
47959
54581
84866
29194
30743
17153
14560
19279
39220
37264
-33234
56692
85990
26737
29508
55737
54175
81687
-16321
75438
93176
-12496
-48706
-37751
-2844
49426
25338
71602
-9800
20259
44819
-11390
94971
-44366
62523
-45057
46878
58846
97657
75657
-9126
-23932
-45151
34135
84445
-7216
5286
282
-20930
-45522
3296
-6056
96534
8151
39347
9956
7680
87835
10039
10082
-15485
32183
77633
-24505
45926
60150
74440
6506
-48215
53218
23294
-25391
-20114
86228
-17174
-48017
16386
-22752
17392
48367
3402
1405
41677
83583
43353
23530
4182
23226
25607
-11589
-34709
-6449
42542
24973
5202
4348
28604
47344
72032
-41243
77805
-17822
75240
87052
25856
23950
-31622
27310
-1876
84508
-35130
-48646
52308
37366
12533
-43865
42531
-3724
61966
-38325
-17679
28979
33544
835
2937
-31017
25845
75913
46996
-43934
87408
68950
54281
54545
-34748
-2897
-7023
66805
73969
62812
74443
-46237
91510
-10310
-11906
76629
-25647
42490
34102
-25230
-6561
58075
-13828
9567
46818
30908
12931
22880
39941
10497
-32542
-29781
-38857
48054
56875
67198
-8920
24218
47173
-43704
-20138
75528
44054
86592
-31964
17513
79339
20244
-27521
60953
44431
21560
14248
12503
-39179
15600
-20208
93812
92758
96109
82667
1714
36198
67320
9321
69886
-29790
37360
33512
-39721
71749
44258
6969
20339
86168
-6433
63661
7491
76305
-940
-27846
58753
-23453
-13264
-24689
96611
81115
73775
56255
26277
56037
-39953
91772
6217
-9212
-40850
46544
-26589
26437
-35946
82587
-2531
-22168
48680
-27214
1021
32020
23917
25657
55808
69893
-2180
33282
66706
48074
59526
-153
-33880
69140
27577
78139
36600
-40358
-8728
-29064
-898
-26075
79339
11477
-10797
91567
66131
-9251
59477
52319
-41684
-35052
24632
88966
99646
21860
-148
-2677
44985
80395
66098
37594
93237
1102
-20610
29546
95095
20425
52589
36458
33252
-9952
56163
-43284
24786
91975
96957
57163
-6858
2265
-35037
-18304
89291
86052
29262
-40602
5459
10082
-19905
7703
64498
-4529
8857
3663
-27689
35293
61868
-36522
51101
-5981
63494
62471
77748
-10454
-11829
-13923
-18286
-13084
33804
16054
2132
43727
80816
33052
61399
35465
83312
85798
8664
33504
48720
71759
-38374
82872
34062
-3199
50946
-24434
47818
-38551
70604
90341
14481
61911
-32164
10427
-35456
-45289
-13542
13739
84610
-32669
61115
8135
-22958
-28362
90810
10791
72232
-18051
9692
-31249
85427
-44007
24814
82215
-24228
73819
42269
34994
51384
-31770
30903
-21797
8978
-37959
93971
81795
70861
-16609
99466
96981
-10823
69407
-2953
21792
-30484
76255
-6438
-30387
39864
53871
-5123
92646
53012
62102
-26879
-37999
53774
24476
3370
21554
-36543
-505
-41046
52898
-44776
17734
93360
-44758
53129
85610
89445
46078
44368
75783
52455
-10371
87904
11464
56080
-13232
99136
89237
86454
13411
81910
65318
98135
14276
-29986
78254
2739
50694
-36271
-31286
23506
97021
-21826
42357
51764
-28563
-33923
82378
5858
19543
-10048
-34041
-12477
95094
26489
13932
97712
-3201
55977
22764
52337
18903
53946
-38149
14067
58802
75109
-48353
-2026
35630
30226
-32198
78276
89308
14811
22722
-24247
92419
48281
33782
86821
6053
92802
90700
31492
56584
-38836
28293
28613
-40243
24668
14850
12952
82111
-1098
551
7197
-26536
-30212
61339
19689
-10750
14566
-30602
-47694
-4118
37300
-38092
90684
-44617
32096
-45144
49059
-11416
71098
54652
17447
76843
-10408
20023
22137
3994
50666
-48193
68447
81803
66878
-23527
75051
4853
-34313
-21362
-30757
37985
-24866
35316
83780
48615
-13308
-958
66018
75478
98642
70185
-16743
72712
63411
-7276
41039
74017
-13481
-14427
-9056
17326
30003
80955
575
82852
-16063
-5125
94137
19842
36703
11467
16220
-21125
73829
75480
79151
18186
19157
-23655
34772
19020
-34229
32145
98098
-33948
32605
97709
32269
-29410
21388
42791
18002
30431
74950
-4308
22190
63463
22098
34674
1046
94850
56750
-23120
49175
29943
-8563
21894
-40122
41945
-4788
57072
30921
77830
-24939
-28410
-47071
-8051
39550
5476
78240
65111
-1075
85417
2775
95130
89987
10489
49582
-47389
41355
39368
57535
1520
67958
47262
24216
97601
16691
25165
99149
31551
-1164
19660
-16805
8027
93184
-805
-34870
91659
-21782
38926
269
-46751
1
46453
-19991
96223
26109
40862
-42335
-9976
-48566
12348
71025
26436
-42265
18952
25121
-21568
75431
89828
-42644
26615
-9860
35577
-127
-38547
-10278
51998
-33236
-14416
69057
-47643
84681
99026
3181
31102
94120
9550
59793
22217
7530
-15345
3432
-22213
-32861
48548
64409
-24103
-32508
88929
-5324
-47517
88722
46796
78171
-26838
15926
76528
57199
23212
61749
-16466
12847
65234
85404
-43454
41757
5542
-21334
65567
-25497
-10438
39094
-7655
70684
116
63377
34914
-26854
42144
86680
9546
-49189
-13028
56498
20485
-17351
17644
78149
-16288
-49374
36224
69191
-1246
66338
46439
28446
69792
-35354
89069
72915
-26931
-8339
-39849
61052
-42718
-40378
15813
4300
-37864
-28367
35426
-7913
59001
10517
67750
-33433
3152
86053
8632
-1307
35774
-34998
-49640
-30181
99673
4052
-8857
99848
98449
12716
3634
27880
6654
-49444
-21456
-14303
11927
-43274
36591
87634
87949
89677
77952
26843
99708
19662
75526
55512
1508
13044
89767
66424
-16479
46644
7125
35878
97583
81358
-4089
-41871
-5934
8863
11729
83180
34132
-43764
82768
78521
6713
83166
69500
85112
38547
-35192
95602
-42676
-46431
23176
22492
54369
-32813
14655
88278
47229
-41021
-8627
52877
73363
-17493
1147
-10258
86111
-43696
77322
-40842
15598
-34543
-164
39932
-12452
4716
-12458
46517
64272
4921
52770
20479
90906
89000
66359
-21191
9956
48095
6512
24945
-23446
69220
46238
33479
85501
88326
17122
60996
29234
86044
97057
40100
29911
72030
-38335
34263
-4961
85526
20435
56643
-19620
74452
91706