5822
-23844
48976
-4155
37293
-25897
-16648
46966
-23409
29163
20120
38942
20518
-34915
-13562
-18709
-35109
-49506
31211
38734
11761
6016
-15185
4588
-3096
-21939
-37480
18283
40652
7359
32100
23639
-45772
-32927
-4186
-48501
4686
-31718
37049
-1144
38970
-16095
-14442
-34086
2673
-16419
21296
-36630
-13268
43274
10021
9150
-9308
-16037
-49837
5668
-6266
46825
18867
27132
-43114
17680
22246
29298
-23053
-35980
7139
-37813
-1034
-5048
-19837
5888
24731
-42565
4601
20651
49823
39007
40373
-18185
18133
15204
-38296
-2846
37623
-17439
-45680
39928
-1752
-41753
44631
-9965
-23582
-15507
-29569
39382
-25506
-40317
-21478
3771
-32601
-16560
2781
27223
-6322
173
-25534
32573
-16220
2318
-6477
-27866
4738
5200
-39085
-35756
-34014
14074
7170
-26013
18654
-43500
30066
7909
41649
-44089
41239
-36722
15122
2924
-16572
-7097
29104
23527
-41849
-28816
-17500
26328
15381
33906
-22683
8031
-3513
-22747
39869
-13754
-39140
5251
34364
-22210
9457
-38129
-43948
33214
3915
46705
49050
-45372
23263
-34906
37405
30510
21723
42852
43496
36655
-4131
-41147
25089
-45239
27831
-1164
12860
-5576
46315
34437
36815
-18472
13125
-41459
48333
-17661
-21017
16314
37632
10501
-9628
-20975
11644
49561
-46981
4642
-29303
-34806
-12034
-36426
41468
-3788
35890
9019
22097
4501
25967
-19236
-11741
-14399
-46397
38993
-32805
-9542
-30326
-27879
-15551
39000
39404
45489
-49144
-35942
3849
24164
-32362
-20392
-21394
-11235
2612
3905
-16053
-49125
23800
-32488
-26412
43367
-20210
19298
-29118
40525
-49357
29845
-47001
-18976
-48064
-39402
-609
-24886
-37862
30423
-33030
4035
-44664
47553
47744
-36332
-3536
27225
-19037
-37555
39060
-18995
22469
157
7236
464
45558
10863
-10328
41474
41503
33792
-19062
-2734
1061
-37160
-16827
24671
-12055
-45613
-16918
20018
-20403
42465
-2858
13851
-6315
29325
-36334
24029
48102
44842
-22346
-23531
-42143
-37628
28817
-40134
-15052
18485
-39628
46792
22551
-18415
-38196
-40606
30300
-229
-8792
-36132
-38416
11469
-21809
-21350
25727
-8445
-48955
-44083
-14075
-4562
23707
9849
-171
18258
27892
19746
16010
16826
-15996
-38945
22106
43341
11069
20340
-26625
-34329
-22169
37412
4457
14460
-22325
46060
-4576
-47900
37776
43877
18829
-19153
-4005
24266
1713
36570
-41465
2164
29869
39364
-39142
36604
-10545
-49296
-10483
-24140
44550
-40537
28867
-35464
-18782
19134
-7231
47916
-30856
17287
-32152
45574
45336
-4611
-38597
-16042
33784
47418
-38579
2603
-29449
45958
-37413
10675
13982
6156
-17622
20500
5198
20478
18750
-8310
46003
-12522
38796
-47747
30070
-17321
28905
-30545
-31110
-5311
39954
17569
39124
35762
-34901
21292
20607
33788
-9020
22646
46866
40847
37010
-22117
-31592
47415
-22210
1163
43045
-31367
21695
-34978
-25873
-38325
-46863
44704
8556
-11766
-10490
21413
19591
45804
-20608
27586
28958
-33879
19259
40246
-29460
1951
-27553
-24249
3457
-25315
-21582
7616
-14295
14559
35131
25498
-11149
15826
14782
17914
26775
24358
-4090
-298
-42536
40473
-7460
-21576
23598
10711
37465
-9683
-42567
-4480
-39163
-13656
-29841
-29144
16451
34611
35103
-4621
30057
-45430
22420
-34862
19758
12332
48512
-4212
9132
-12525
-31629
-49782
-3296
-6991
-12207
28410
-25576
31720
-42435
19359
-39684
-23899
-10459
9541
38481
-35415
24344
-37179
-44673
-8240
11731
599
-20088
-37018
2545
8344
48390
30667
41574
-39032
7442
-35331
4937
26845
6497
-27057
-30845
-32570
31859
37412
29115
-9211
-1322
20016
37508
-24696
36991
44025
-23466
34322
-10241
6906
17274
-14589
49544
26921
-24889
-46852
23398
27372
18623
32492
-14149
-39288
-15081
6172
-19357
-41885
-4939
15513
23203
-36221
-34966
-43611
-27934
-24841
21615
-38113
25633
36973
-19752
-48789
-48386
5301
17353
26357
-25193
-46775
-7041
46580
-23350
30539
16764
39740
17150
594
-44116
26263
23386
-39914
15907
-32166
-10817
-27792
7826
-7717
33770
-21813
-3139
-8290
-48501
-49882
-41314
-37287
23555
16513
39567
15375
38117
-19995
-41857
-5443
4903
9140
16083
-13721
4898
7319
49182
-42757
25092
24118
-22326
17892
13840
197
-3375
-46617
23393
45145
47822
-19521
6524
-47141
-17777
45112
-21483
-7529
11680
46905
-48010
-20923
36056
21541
-41565
29582
-32290
2054
-2538
-46007
143
-20869
-21183
16949
11993
-31542
3086
-34121
33102
18555
32748
47422
-24157
-11165
42404
28406
45772
-18904
-46135
156
19174
15470
28090
12958
-22569
46336
18222
47153
29658
100
-31298
-26264
-19395
-4657
-46087
9323
33949
13075
12140
-42664
-8926
-24787
31866
-40165
42661
20566
-17175
36460
28258
10424
3160
530
-12448
-15915
7179
-35912
43230
16075
30620
34775
44647
-15869
-3234
7601
-8755
2085
-23577
-16803
-5334
25917
6247
22022
-9167
39574
-34780
6520
-23237
47707
29552
843
38994
45123
42302
35063
-17134
18004
43511
21773
-11025
8261
-7916
15722
-17801
-5670
17240
-3020
10373
37098
6501
-25625
-43106
-39857
-7386
-47129
-1169
39803
42489
-47382
-35668
12132
21123
48839
-32567
-1093
14866
-20251
22853
-40499
5139
26436
-33937
43602
12206
-4445
41337
-27182
-12558
-6830
-12314
-44841
-43873
20298
13334
-30446
15467
12385
37004
7629
-40307
38691
-23839
-15
44199
48684
29402
3134
-23209
-21056
2510
-17172
-15229
-21693
-43876
-22027
-38127
-26424
-35365
25708
-26335
33230
45090
-11833
-21130
29225
1506
-12198
17442
28526
-17347
-46512
-7543
25065
-27799
38933
-41477
-46248
-24984
-4122
47091
1049
41327
21528
-4346
-44874
-658
41837
-28179
42608
-39046
-39670
-10864
-24638
8147
15823
-36918
-48831
-13638
-38419
-30938
19852
-17067
27100
-2989
-21756
21735
29022
-5953
-11093
-7052
-8211
-6190
-33891
15440
-34754
-11273
-1012
24501
45683
26118
41398
37954
7959
1737
43466
21828
-35919
46627
-30960
-35681
25809
-4567
-35092
26869
-23922
-33140
38038
-26893
-11599
47251
14975
-10925
-46641
-30838
-15158
32360
-10325
46910
46059
-36948
-7873
-44233
-31347
40758
-2913
41279
4173
-13012
-26799
49363
-28906
-40840
22533
-17520
819
46446
-36055
-11856
41813
41221
-13682
-35829
-19778
3968
16990
-10170
16034
40815
-47182
-37724
837
39738
33766
31454
1407
36346
-10538
-24266
-37149
-11437
47683
28560
9642
41374
-43821
-9290
-11235
16241
18075
-16373
47783
36842
-7865
33579
13708
20095
13858
-18581
13055
41792
-26046
516
3108
-12174
-12261
-12836
-25938
-46208
-7465
8070
6701
17291
13145
48329
-629
-20953
3664
-18389
-19156
26510
-5515
-5636
6819
-20394
13569
-39497
45738
-24489
-13566
-18046
37905
49818
-20167
26342
-30596
45855
-6563
-26297
14720
-33339
-39602
-14723
28460
14874
-9950
18754
31993
-40066
30056
-1096
-48775
17994
-20358
2145
13935
11966
12726
29030
-1126
29986
-34502
13245
-20200
43432
23608
11523
-13017
-39322
41825
36750
-38023
-26423
-30614
37825
-10865
-5043
-24733
43693
-48667
-36580
49362
8455
16252
7327
14500
21267
-8626
39467
31043
9945
-18880
26816
-22990
24844
-26105
-13750
-42395
-31825
23753
-18992
13721
13692
30634
43451
43212
45360
40447
-20721
10455
39790
28600
11101
26777
-29915
30476
39767
-14105
21556
19684
-37679
39891
47484
6238
32160
1872
-32553
-49273
42890
46704
2654
43932
49119
-34548
35286
-9900
37605
-17577
34673
45967
9805
-23488
-40695
-37603
-41314
-12986
-46537
39338
23451
-25588
-5387
-11698
-11520
-37002
2893
-13089
-48092
16395
2972
48936
-26566
-1765
31662
-38195
-11146
38482
5606
48816
6814
13551
-30551
11107
-20993
-16264
20867
-20851
-22600
-48351
28963
-49348
24851
26682
-40387
43082
18291
-18715
10597
46911
27855
44475
40862
-14659
-19177
9272
-2959
31886
-38299
22832
-12686
36207
-6580
48242
-21479
8430
-40350
-47928
4841
13011
25280
-6233
32812
33935
-42507
-22426
37277
-11732
-2744
-3688
-40904
17208
30550
-27154
46909
-37053
49615
-48711
39751
38811
49593
-48042
-44376
6932
16106
-41340
-1237
41061
38744
2192
1803
32504
-18155
-13716
30118
-38171
45001
45862
-43706
-10343
28707
41117
22370
29141
-13791
-10976
-7905
26663
-13946
23057
-6666
-6482
37442
-39383
-18127
-21891
-36422
-13052
-29142
-8924
29958
-28069
23871
45445
32153
-17914
-14019
24872
-781
42054
5662
3791
-40176
36554
39919
-31690
-16427
13841
-2270
-4658
-46730
-45619
-42641
-10684
41272
-33284
32845
-25665
38590
4977
-28487
17630
5848
-39876
-23174
6011
48980
-23690
-49114
-37218
-43971
10654
1212
-41165
41173
-40099
20270
9045
7283
10700
-34423
-26057
20925
27609
8430
5081
-28580
18849
6589
10234
35693
9471
4086
46345
32992
13307
-30296
12339
1626
-19101
24421
44403
11314
45106
41437
-43869
-32494
36345
-42569
43639
25974
28127
-47420
-10580
-7435
-16089
-37345
16583
32708
3633
-12819
-42247
45933
43139
48786
24916
-36576
-34065
-13328
-24897
34247
-35468
390
42901
-5616
-13118
-23825
-216
-36011
22252
-42422
-40488
-5740
45873
-15950
-32776
22611
-5185
-29338
6879
46795
25064
43375
-15776
-12348
-48744
-24814
33898
-2491
36364
-2766
34582
-19137
44163
10209
-14909
12517
-9966
15455
-13473
39781
-23542
-38596
-39254
20337
-43951
8868
3039
-7441
-42421
7430
-2048
25619
46051
31244
-20202
-12973
27582
-5966
17373
-40156
35827
-17264
-46319
31411
-42413
26017
-38378
-3332
-44540
-37332
6475
-47026
-34961
-12807
-47969
33559
-47767
40766
-14572
40567
-28140
9366
42060
-33343
31994
-9691
-34312
-44019
29870
-7596
6828
-8234
-1008
-3905
-40730
-4153
-18663
956
-25626
-41203
-47596
-14840
30411
16003
-47593
-11002
-39664
23678
-37895
-49167
-40181
-49922
-16856
-38578
-35905
-42272
-45897
-43652
6530
-14613
-46904
40348
-13991
8437
-1839
34710
-34450
-3081
32818
-44186
-26724
-46414
-6181
-24965
-7309
46243
20730
-35787
6350
-10882
-22163
10248
-46497
24492
-41812
39934
-7507
-20532
-733
-23348
-28586
-14553
-2447
-16512
-46039
10776
-4695
20934
39175
31625
-18637
-6228
27020
-41670
-3016
-49723
-39863
-7570
34574
-45606
28125
-47584
30474
-25399
-9498
-39080
40564
-9066
-9711
33928
-17576
-12767
3098
3198
-36142
-9143
-46436
-14916
-41657
45263
41483
47782
-35385
-41817
-21064
-28069
23110
-20639
-23092
31339
-39727
-45209
-32326
-38701
-41012
34432
3731
4688
21490
29191
-13119
14627
-30031
-31124
-32064
-39555
35042
1754
-29652
44660
-19919
-34862
-32287
-14938
-10562
-4319
3683
9964
28718
-36937
-40550
21229
30162
-5150
6869
-38878
41413
37057
45369
-37850
48398
-26869
13115
9924
35135
30928
-3733
-4563
-26851
24567
-19252
25186
-1746
-21950
38934
49006
14411
-42384
26725
-24020
-39160
-17958
7766
38937
6835
-22216
-44967
45550
1051
49747
17757
-32527
45965
-4946
-47481
36052
-44716
-15625
-28026
-4093
-19373
24545
23051
-26679
29440
-17757
10370
20758
24200
11495
-46748
42897
34461
48813
-32886
36187
14575
40103
-12224
-18981
-32561
3104
-30778
-3060
7363
-38928
41231
-4693
8560
16155
-36691
27871
31600
26505
21000
43971
-21429
-19229
6405
25894
-10141
-12343
40776
-38017
-11573
-46565
-34485
-48183
5967
31909
-41239
-20669
16092
45901
31634
4436
-41530
-35589
45858
-20559
-34931
-46016
-15341
-18562
-48277
4260
18899
37931
33218
7519
25815
-40693
-20385
21281
-16840
-10243
25383
-3123
19350
9361
44380
-23116
48041
4336
15857
-38179
43161
-24722
-34514
44452
44045
31564
-47024
-46277
38097
37645
26251
-4131
-39637
-4646
47189
-15365
-5195
-46500
-45683
-13843
4227
36392
-8524
36190
-9502
-37062
-48411
8112
20294
28038
24445
-42556
9184
-8498
22818
-47157
29424
-4701
-17485
7824
14224
20590
-29766
-39579
38296
8663
-22118
-25710
-13871
-40815
-47882
-19075
13316
-19042
44395
33665
-3715
45084
-6565
16457
-18201
-42035
-1433
48251
-12443
-29599
4710
-3523
37186
-10359
-29558
-21907
-25217
31243
-4854
22516
46742
37669
30546
-26581
46461
-41887
-27269
42260
48390
-32298
-9553
-23227
21287
-19809
-15209
-46685
-20287
-3852
15656
14232
38430
42349
-27520
-6097
9822
47380
26238
7989
-21646
26695
-5658
-18174
41229
-43201
39501
-31898
-14212
-24216
-30689
35127
-1653
8226
-19543
-16833
-22625
11172
47893
6777
42729
47532
5606
-15746
-28990
7533
33456
-17614
-27632
-42211
46560
-2547
-18534
4968
-4346
2952
-2229
-41631
-2740
-24540
-14547
29809
-4529
-7810
12426
5736
47230
-17764
36168
-837
-3041
23739
-9967
12952
-2566
27906
34750
4867
-42859
-12061
29347
14485
-44304
28178
29449
13603
48708
5408
3460
-43857
-37968
6520
16015
11475
3131
28038
-42014
-42468
-24283
-37406
-19831
-11901
-23043
-13530
-5461
-45378
43768
37400
-20843
48383
31205
-36249
18791
-3966
33444
-3239
-9438
-20272
1082
12958
43219
15918
39350
42620
13555
25647
-24183
44446
31966
40095
23185
14882
47596
21563
-34969
-22952
5747
42531
-1000
-40822
-45293
-42792
-1651
17893
22079
13264
4520
817
-3376
-23793
-13552
-12320
-4588
-47299
-47557
-17333
-6199
-43434
-9666
-970
-27631
26146
38570
-7662
-29745
34072
-27610
15727
-9012
43787
-59
-13587
-17378
-14799
11752
-39805
-43961
-12551
-7748
-5379
-5585
47645
-43194
23378
11236
-19543
1966
-28243
-36248
42232
49475
22727
-11513
-9325
-17838
25617
14610
47013
15532
-973
-25943
3300
49995
-1971
-13697
-33475
32305
8867
-36708
-12847
-34648
28733
44513
-15366
10407
1658
-41798
-26559
15306
28355
-28246
41087
9837
-17148
-8764
27273
44826
10054
-16063
3116
38368
-1438
39366
14280
19686
29817
-7465
-4776
2108
-28208
12407
24227
-39363
18574
-21644
34742
35050
12902
41483
37210
-4473
17817
-45780
-6735
-3133
-23640
33941
34281
10379
-32533
-37626
24685
-42517
-19939
45804
-29535
-43141
-49295
2802
-16943
-1420
-15985
21759
36182
27201
-10413
-8646
30664
5832
7255
48991
1204
35949
41744
9814
-29773
-39211
20348
-5130
37436
-10460
-26678
-13603
-34925
11380
39419
2490
-25802
-43568
2578
-68
-42925
-17992
-20339
-28594
-29297
-22582
15655
44549
39667
42806
703
-41121
-3468
-41965
-4272
-17398
-20066
-2357
40168
-10478
-34396
-45640
47454
-3149
42629
-28742
-20247
23225
-13896
-31686
-42673
-12090
-28133
-37319
-3421
1943
-15761
9805
-9855
-43261
-15917
21742
-9228
-20793
15967
1283
34347
-17944
39073
-23733
-5920
-4255
-37070
1459
-47064
-29769
-12619
-18923
49728
5053
22289
-39643
13616
-43099
27136
3464
-17666
48519
25771
-39276
15619
-42037
-28342
49427
-38531
45131
20900
-21562
9680
33606
-30112
8675
-45708
-5916
28757
-43412
30000
32756
40378
20596
17880
-25703
-49103
-38954
27517
-40162
-36134
45689
17815
46165
23055
13994
40299
-32910
-45015
43589
47809
6048
-30133
33475
46153
-18359
-12104
20444
49243
-43392
31088
-16023
-39208
22196
-44684
-23554
6291
1330
46962
-37798
10845
34210
11194
-5456
47614
40086
9223
45771
-32802
-16771
-49320
-46306
-40632
38579
620
11350
8004
28235
11123
-43795
-48917
46974
-41465
36161
-27761
47304
16769
-2270
682
49312
-36260
3669
-39243
40935
23349
-38020
2417
-45646
-7159
200
40789
-26809
-40004
-49719
38435
45866
8856
-44872
-41262
28258
-5391
27266
25334
-41867
40
-36341
-8835
-10647
24581
5014
-7496
-9860
-11184
-47728
-42122
37997
-7923
11844
-15300
-34932
48463
-40410
-12750
29051
25883
-19499
-47446
-1106
-48193
1610
39914
29702
21492
18124
47028
24634
28990
4409
27025
-11792
5883
26899
-25321
-43822
-20040
46582
3717
-21201
-32149
-36744
9591
46868
9572
28722
9303
35337
8755
-43290
-14311
-12992
-42329
-23051
-41865
-29455
-13472
3383
39750
19198
22738
-42384
31677
-9386
-19992
-21817
-5492
40831
6149
-5228
31523
31034
-13269
-7756
-33293
-31849
11009
-9634
34733
43215
-4846
-42343
-40537
3273
31962
3519
21751
46709
-3988
15432
-16087
-14980
17180
-48826
22952
-2188
3739
-29349
-42415
-9003
12704
-12182
3367
-32737
-91
-3224
22028
-41770
30084
14033
-25613
28358
38707
29662
-31429
-30728
-3230
8417
-19554
30608
-27340
-37760
-639
16494
-16511
-25065
-33785
-46501
-32572
1894
47781
-39948
17551
-12356
2962
-8988
27346
849
36925
-23766
-19131
-12479
-38372
40231
19605
2566
14078
15559
-39949
-9939
13845
-6564
14318
-8024
-23979
36478
-33040
-38443
-37851
-9215
4344
21431
32363
36492
-4103
47613
18513
26110
-18038
47547
17369
22362
8934
-11904
3698
-34109
-6508
-35550
16012
40860
-22748
-28648
-18221
-38973
29059
-19226
-10266
10041
28846
-17901
24098
-14153
35432
-45963
-27511
33549
11089
35203
6674
44306
-39141
-35715
19570
-4253
-4962
-16227
26726
45080
-32361
26714
-25104
7661
-43152
-40783
-2861
37321
-20897
-32379
36339
-39216
-28076
-17805
37235
-37077
28105
32135
42750
-47920
4029
-11091
48935
2134
-5182
49450
10054
-41176
-18595
22060
-3434
14168
-14933
-10456
31015
25072
16688
2712
23571
35653
-22366
-9940
-3281
-11159
-25512
-33736
2113
8661
5456
15555
32433
9883
-23298
-6466
-23936
1711
41091
16361
-21589
9309
43709
37710
35923
1440
8635
-36640
17072
-34815
15119
6714
-34396
15068
20764
10560
-49842
-12227
34870
43947
4538
29753
-17813
-7118
331
-34885
10346
-19112
20096
-25712
13725
38504
-44050
-19280
-3880
37124
-11429
11622
-28418
-31666
-15618
-17556
-26886
-17368
-10770
-23098
26155
-27617
49055
-32766
-22027
-41844
-5626
13324
3802
-4895
26627
21959
14903
15025
-5794
49914
19663
25865
-15717
17725
15398
-7244
30346
-39041
34601
8455
-21864
48594
-439
19790
-13127
-7669
1944
-10657
29453
-36812
34197
36039
8176
21942
49451
48848
-5599
-24248
30646
29190
-45976
-3254
-39551
-31639
2006
16697
-36533
7419
3557
23880
40948
-19886
47633
37878
-35711
47430
36939
-1616
17020
47621
21477
-16039
-47507
-31761
46118
44228
-43836
-7342
-8919
-46137
32678
19683
49437
-33390
-23045
-35328
-34639
7744
37084
16072
18502
9650
-41834
44108
7499
23339
-49733
-31693
-26961
-34906
-47692
-33288
-40270
-7926
-25793
23096
44010
-6477
-43308
1107
-40268
-36478
-21884
6092
-32070
-30922
-39876
12755
-35155
-49330
-21229
-6910
41782
21471
26921
37169
15124
30387
48504
-11387
-44514
-15315
2102
-17811
-45976
-41738
-12229
-8389
-12333
-12525
15022
10512
44307
-20494
11297
-31064
-38215
-3115
-22857
-17387
-18910
46476
-47261
-39852
48586
-37215
-14118
-31877
-44958
-434
38263
-6618
20332
-29978
-39219
49189
-32171
-17986
-37165
26050
7563
-6485
838
-27460
-24008
31124
-12750
-37388
2701
19270
-7111
31645
-3436
-1047
-19893
24125
-170
-5662
-36513
-3657
-21848
-32889
34619
8710
29381
-32243
8294
30952
-12748
-37245
38625
-39078
38451
-40641
-25903
37940
-49167
33943
-2593
-9642
-41750
6893
44956
3914
-29604
41947
-28392
18023
39264
-30026
-11276
19526
-17011
-21937
-4503
38474
43690
10458
-35061
17447
-19215
-14570
-30153
-23581
-28514
-32905
-32132
29136
-13965
37522
2679
-19072
42091
-20039
-42897
-49730
-3816
-10699
-34516
-14785
27198
39097
23771
17070
-39658
-48397
-44478
-9359
7890
20893
1152
33131
-28477
26745
-37229
35895
-23200
-49611
-5497
-44748
-14112
-31626
-20928
48749
-38969
-9270
13772
-35122
-14924
-22868
22183
-3481
22631
30818
25234
-2133
-43063
-27366
-43998
-31712
1567
43072
36365
16782
-35786
-4502
5694
-16284
-42959
-40989
-10178
-20047
-13407
3156
-16951
34424
28617
23856
-16691
-37160
-46391
-37128
-5571
-44912
-14509
35769
-2229
-3483
-45294
-17073
-21051
-15924
-7065
-38864
-2048
3986
-3828
-30045
-32682
15667
33870
37408
-42123
19170
-49795
33395
-20643
30148
851
-4000
-12284
-17098
12669
-9049
-19545
8563
32412
-25256
-36498
16686
6702
47595
47578
29446
19017
37598
40511
46037
-36666
14084
-39433
-35727
-35980
-12971
-35010
-45555
-32479
43723
-48359
39506
-3652
-3821
16141
-36524
-26405
-5068
7691
-12386
7536
-862
1140
-5724
18157
-48753
-41361
-21025
-37074
46610
17
781
46650
42111
-7816
-3727
-47837
39795
-15205
-30845
29334
22610
28123
-37727
-14369
3083
-37027
-25442
-24144
11295
-10258
43951
-48131
33534
-20324
39678
-38266
23516
5872
26578
-21988
-27202
-48624
4845
-19986
-518
41226
-48275
5252
-19147
20513
-36732
331
11929
-6050
25897