-4197470
-641159
517154
-1851488
-3933468
761425
184706
-205136
17353
-1752679
-380110
-4018647
-2340312
547632
-3192302
376431
-1427355
-4100103
-4952891
-3773628
-946820
47450
-1237426
-4105710
-1961016
259770
-4421317
-2499953
-1006167
400676
-1569594
-1114266
-4111320
-193560
-124047
-619802
-4184094
-4095671
-1206893
175530
-987623
-4602453
-4192708
-4949571
-5137
-332138
977419
-1093637
980274
890458
888492
-302315
-748228
-1823789
-3895506
949506
-2186748
-2281350
965550
-1033151
-3778671
-3044015
650578
-4369910
490981
-778508
882599
-3142174
-218875
-1943575
-3909986
273728
-3242341
-3313327
-4773783
-612564
-4197498
-3233838
-1881399
-601979
-2209680
74227
-1698084
-2716637
-4245755
-2605946
-2306504
-1189599
-1041809
-2522321
-2125930
-1642541
-401504
-4184387
-318988
-352617
-2547842
-3024611
-3042138
-1362665
-2955627
-2994266
492872
-4952190
-1718948
556106
-1819382
-3265932
-4548466
-3098945
-195279
-3579981
118199
-3608735
-4283114
-2060146
301974
-4314345
-3566226
-4112870
-5489
-4698004
-1115549
-1417702
676860
-3370552
-3970909
-4656903
-2297240
-2022236
-4565702
-1270202
-1314005
-2027239
-3822853
348255
-1203043
-3176787
-691458
-2545541
-4804348
-2236881
-4794621
-1972058
-1873697
-174606
-3873664
-1635357
752139
-2643763
-719576
-1774587
-3827608
-3812345
-2593538
-3586686
-1443429
-1731044
-2290309
67789
494903
-4387283
-3948330
-607069
-3468089
-229308
-338120
257356
-4373121
-1320902
-4664678
-4951946
-1888411
209583
-2089846
-2894133
-2222836
-1391105
-4489822
-1728547
-4788712
-1316887
-4287740
-1631546
-2460948
-2923966
-3128592
-2806225
-2036658
238716
-3853414
-3973307
-4824346
-2671544
-1766875
-4078922
-3310472
-3291680
957628
-3800036
-2824918
-504141
-2231293
-51746
-1264474
-4398470
-4872407
-1098813
-1833594
-1989533
-4342562
269666
-2073406
-3041229
-3089383
-190552
-2041094
-3824278
692356
-2430515
-4227073
303839
-4022339
-4802094
-2112880
-4090035
-559848
-3333578
-2134351
-784875
593194
-1001656
-1765848
-3818333
-4804371
-115321
-4107152
-4938171
99763
-3024503
-4267383
-2128457
-3111942
-2246827
-1860105
-1563323
-655363
-3580714
-3101185
-4695872
-2857406
770259
-2527532
577170
-2573698
-1534017
-2424785
-2008989
-1283405
-2522001
-1021737
-1285251
26071
205987
-2975364
-104344
-1429555
-2777784
-2617086
-3130853
-4290430
151731
405903
-4594013
-4288109
-1958587
-1111287
-3992283
-4819707
-925463
-3071436
-1006627
-2461358
-3056767
-2057299
842471
-2145485
-391000
-4733630
-3146359
-3959613
-4580255
-313970
-4164732
-4212853
-380009
-2868050
-4822234
767699
-2749640
394225
-3554019
-4671895
918308
292005
-4411300
874991
-2315528
-2315945
-2339685
842071
-2235519
-4591295
-4153427
-1955744
-1351771
-4828865
-2336495
686531
-1823892
258564
-741706
-1864801
-4038534
-1766337
-1616916
288998
-3405372
-2802940
-3808081
-3198718
-3416183
-1106566
519874
-1037800
-489189
-4470363
-2035878
-1590530
429345
807667
-2816171
-4855102
-3108298
-2388450
-147242
-4979502
-1818566
-3879935
-371478
-2563766
581609
-1604346
-2868464
-3856841
-4655644
-2883814
-3635851
780416
461101
-3410089
707660
375079
-1231534
-3979068
660256
-3570596
-1453058
-1530158
-1584187
-4938773
-3838606
-2800999
-2454506
301995
630762
-2217571
630822
-4407859
438548
821342
-1078234
-138232
-4422829
-3579990
239492
882383
-4845176
-682734
149038
-4848415
-1071997
-2797615
-4911829
-4317212
-1886756
-2931249
-1636850
-4189214
-538932
-1800160
-3955785
-260236
-4784950
-920773
-4008144
-4038950
-477543
4752
-3031231
-2663971
-299423
939239
-1984668
-1620148
-4002191
-2200376
-3859728
-692002
729083
-4120601
-1735888
-842020
-3473327
-2397711
-2960196
347943
-1561742
-2104877
-1108722
-3377249
-3414165
-2100359
-1958675
765336
-4207396
-3064566
-4037246
-4452104
-2194849
-3693221
-3616993
-4087397
-1586944
-2981754
-1355714
-2549306
-1187641
-457059
-3738131
-1102204
21560
352937
555827
-1858128
-610433
-2123846
-3295114
-1612078
-4687355
-1435747
-3908807
-2752026
-2575499
-4974971
-1691873
256180
-142670
-918992
588141
145739
840049
-986924
-4899409
-3422352
206958
-3526988
-964512
-1558871
-106566
-4584214
-3967543
-619424
-61949
-4844203
-2228368
-1575451
-2120964
-3958538
-1704818
-4109196
-2147534
-4453415
892129
-923324
890429
-1741337
-3630793
358787
-3782730
-261429
-2516372
-897082
-44772
-2414823
-2138282
-444600
-1571682
-3986455
567151
-2392766
-4225551
-4105
-1248760
-4463358
205379
-4249812
215751
-4559097
-4703542
-1295213
-3898748
-743152
-3442474
-4691941
-1720486
366467
523886
-31328
-4708748
-4953549
149280
-3067004
-1556585
-1799074
-4734267
-2204031
-4700179
-4417853
-153147
-4246881
-1917226
77089
-1738593
-3669732
-3619881
-2888507
-2072404
-360962
-4521541
833507
-2293886
-2989044
134461
-1400308
670564
27226
260210
-149396
-1315066
-4873448
-2682948
-3717673
-129251
-2370016
-3115530
-251245
-4467293
-4994083
-4936287
-1379963
-2948794
-1768987
-1209802
-4118462
-2415772
743749
-241952
-2023205
-228784
-4524883
-1075157
-1786901
-1448820
-4717411
-3914205
-2945315
-1480130
-3368640
-1673951
-45601
-2490587
-3857442
-4272243
-3687380
-4515401
-163236
-4640414
-2751879
-302949
-799590
-886178
-2791299
-4836221
227641
-925132
-2650082
-1432266
-3577040
-3604487
-146029
-4056705
-4574822
435189
-1932662
-3336268
-1873950
-1543492
718951
-554433
55696
-1142184
-4842118
-4746280
-4489641
-1120806
-1140007
-967357
-1967611
-1525112
-2297490
-4596537
-3897207
-4482100
-4304621
-2158227
-1547066
-4014936
-1323837
-4871976
-2582727
-2542761
-22957
-3738037
-1810932
-1098799
1348
438413
-3610747
617502
-1591167
-1455524
-380240
-1113516
-718204
-3413814
-3562649
349021
-4053305
-2163829
-889229
-3072819
-784285
791891
-4458403
-1425767
118929
-4236681
-4545390
-3067752
-1145650
-26283
-225513
-3277584
-1059373
-4792247
-110009
-3625407
-4906254
546455
-3952869
-2683336
-4288258
-2476812
-3347065
868035
-2713968
-2856138
-321134
-4563957
75314
-1213665
-3704108
-466012
555903
802193
-649128
-2467424
-3634106
-2963199
423819
-3575512
-4500889
-1552259
-1521632
-1995666
-3942745
-3503127
-4303251
-3881719
-2057539
-4355579
642836
-4834273
-2871774
-3850812
-3977557
-1626523
-1770149
-1168823
-140889
-3746472
-1591556
-3553306
-4912539
-2920350
-553974
-559889
-4532551
-2297419
-2203866
-3979998
-936629
-1643123
-3007737
-4859625
-3635776
-1724720
-1730285
-3906766
-690355
383037
-1966417
-1876801
-1435714
-2755458
-1286330
-4094730
-4077705
-1745897
237234
-4784421
-1577702
-738829
-4896541
-1343370
-2829656
-3149074
-4244311
-3175836
-2229626
-4924859
-3694789
-3334333
178369
-1899739
-3619547
663086
-1849972
-367956
-4723584
-3213590
-64311
-1069789
-2587019
-4277359
-3434775
-2728307
-3603795
-789154
385653
-3552181
-4305155
-558305
365550
-2068489
-450480
-4146027
-4517371
-800277
-63520
-3132544
-513750
-1129910
-1918860
-484612
294465
-1513121
-2403394
-1280765
-3155172
723468
-3672902
-21831
-2175215
-4660835
-2407287
836270
-3475966
-3503956
-3504094
-260874
-1993601
578042
-1417527
-2873964
-97235
248286
-2831113
-1725895
943713
726823
-4921200
-4602403
-407587
-4220924
-2846523
-2021022
494200
234103
-980268
-1021900
-1655336
-886181
-2172856
-4915694
-3607370
-1695315
-3511249
-398978
-2622432
652635
-1495901
-2362276
-4175381
-997280
-2479415
113607
-1964737
563168
-4742105
-3754046
-1288819
-1354676
-1527830
-996299
-2093483
-3103501
-3725747
-2083962
-2430655
-2501470
-4764979
176853
-3382489
-4106440
-3565741
286135
584482
-2649714
-2177908
-945268
-3677411
-460452
395662
-4852565
-3038544
-690637
-3964352
-3727066
767992
-3997174
-4486949
-858154
-3614178
131591
-3356972
-801333
-2474669
-3136112
-389678
-184218
-2534134
-997767
-4760482
-205005
-4937553
-75491
-4567333
-2593905
-3626726
-3420903
-4262743
-4155737
683235
-4781923
-141654
-1065609
347235
585796
-2457906
-1055667
-1954697
203127
-1519166
-4208403
-4315358
-3365607
-3901673
-2264195
-1673200
-478254
-2079762
-3802125
-3678536
-3769171
-3016911
-4436513
806880
-196919
79888
-2141624
-3871063
-478075
-3398867
-2997803
-4436609
-1234151
729936
31354
-3729435
179452
491204
-2515846
-3644773
-3264952
-2189882
-4262229
-4771289
-1356841
-2706978
-3230994
671132
517192
-1634960
-4634685
-135511
-673320
-890656
-4102162
-671245
-4904064
-3670781
-2101705
286677
691923
-3660392
-3666439
-235690
-3194909
-1000990
528260
-1021578
-629256
-3505923
-1066127
-388722
-2543849
-1194883
-3447617
-703864
890729
-3686410
-159416
-4971149
179715
-2132794
-4742357
-2251555
-3361602
-4402651
-89144
-1773967
317437
-3599814
-2757197
-1500274
-1695572
918524
-4221707
-2844364
-2470976
-4661054
-1956357
880787
880011
-1787269
-4721100
-2438356
-2808703
-4490414
-3669634
-3858413
-4450972
-1314158
-2191424
-2644072
-337257
576370
-1074128
-4535301
-1747006
-1357985
-2241762
-3684396
814724
-113562
-1559448
-2340777
-3201365
-4403428
-4191038
-4734062
-3045612
360761
-4473390
-307184
-2140366
129660
-2730878
-381283
-4546913
-2974226
607744
-3457686
-677182
-4548329
915101
-4296975
-325551
155270
-4301426
-868763
419244
-4619923
-3216857
-250330
225957
-852299
-622691
-4132077
393775
-1750317
-3120940
-826462
-1628253
-2451229
683592
-2953922
-1563488
993870
-206857
-184663
234045
-3907484
-4143696
-964815
-2696189
-1272265
-1490647
-3625144
727249
-2539220
-624612
-556062
-4770536
-1969031
49599
-236839
-1684954
-4596570
-1309021
-160421
-1956043
-3554528
-4761423
-526476
787485
941187
-4734151
162758
785308
-720761
-1822681
-3471592
-2964196
-4903860
-2709032
-746313
-214980
-2057422
-2325870
-3777616
-592159
-252233
-4017365
-2846387
-1776473
-2271085
-4217004
-3111886
-3667199
-1903614
-3148196
-1233722
-852337
540072
-4018276
-1138788
450703
936221
-1854736
-1472170
-353594
-1935676
364413
-143990
713040
489124
-1245736
789433
751965
-3406372
-3858005
-2308687
-2613730
520645
-138529
-4391977
-3440921
-1491726
-1586633
-3040089
-1951293
-3426549
-3240264
-2219025
-4946990
-3362550
-2875767
-2560952
-4655744
-3371036
-1770029
-3660441
864578
-3201173
76826
299294
-4163364
-588517
814318
-4235638
35191
-3128388
-472207
-2045583
-2274736
241491
-3842589
-1062229
-3698374
-4758276
-3441974
-93672
151572
-2401913
-941750
144587
321591
-3423629
-133538
-4878983
-1164987
-710822
645666
909714
-2834010
-735296
298348
-3557654
-2689129
-3588501
-286771
-4417357
285815
556657
-2403543
389422
-4029998
-8533
-211244
-4753753
-1998372
-3380806
-4987389
-1693430
-203786
93206
-1568574
-627499
-4948497
-3101387
-1071833
-3837886
-3767636
-4016225
810933
-3317032
-888982
-2869695
-430509
-4004693
-4057278
-1080679
-3197698
-4894772
-2673338
-2428193
-1251853
-2585194
-648559
-3758818
-2716834
138217
-2088191
-4848627
446451
-4431615
-2627925
-1017689
-2869085
-2812512
588003
-2109341
-4504086
-2547509
4357
419537
-1318838
497835
-1745846
-2984569
-3192533
-1998820
-638151
-1934053
-2619281
-3988275
-3645999
-2545035
437256
138626
-1861047
-1284265
-3447460
-2272270
-2340587
-4141827
-4541659
-1345748
-3703404
-2313749
-1187892
-981347
-685842
-3244952
463612
-3523906
-3207202
-2141237
-972586
-318813
-4136225
825969
-4565838
-1267169
-571801
131609
-3794837
-3059106
-811903
-2772319
332265
885733
-4345452
-765684
-1562075
-797179
-926657
-3780602
-4816709
-2138416
874166
-1939127
-2277007
-2093624
-837153
-22427
-4386764
-2990956
-773059
-1660471
-4608423
-4386298
-1851318
-2747037
820486
-3843102
-648598
-4763744
-3872795
-4794367
-1001134
-3796078
989892
-657953
-531801
-3834807
-2294494
-2101175
-3526410
612174
-1121858
-4027592
217459
-4769276
-3914577
-4569133
-2622004
-4637303
-3963716
-1426106
-3513823
-3348148
-3263916
-3053086
-3933778
-3276691
-2336144
-2092470
-3545692
-349988
-864233
159823
-3102067
-3013704
973447
-2080112
-1321582
175195
-2825233
-2937702
304760
-549027
-994619
-4114039
-3917845
-2857877
-283365
-759094
-1465010
-4019663
-2452038
176722
-3783855
-1237246
-4396222
-3045130
-696513
-4469329
-657350
-1913381
376831
936584
605314
-3092754
-1239106
-1209000
-2206726
377597
-4653693
-4352786
-2257133
-123310
-4139732
963021
-541477
995214
888230
971918
-3121791
-3165514
-3852352
877472
-674922
644949
-791958
-2962603
-420338
-1471866
210013
219567
141756
-4388741
-1553619
-3047225
-2249810
-3443404
373105
895543
-814188
547377
-3091682
-3656626
637538
-2393926
-4178274
-3096031
-4573402
-2852229
-2095460
-4395630
-2731888
-309974
-2225629
-3667008
-2173634
-4527233
-2524930
958414
-696040
-3745466
-3532581
-733700
254829
-2250181
-1918920
-1343854
-4770336
592488
-3339605
-1837371
-2942753
975811
731748
-1535006
-1791480
-4615453
-2996685
15136
-396355
-548964
-1938823
-23243
-2317312
-881053
-1861452
-2857513
919561
-570844
-1435856
-1981605
-3306133
-1302245
-4721912
-1727524
-386738
-128997
-3927829
-3296406
-3989540
-2554533
95243
266528
-2407975
318542
-3703017
438976
-2243483
-3943734
91368
-3121709
-332019
-534928
-1130082
-4615008
-1805692
-1816890
-1584348
-4290295
-1624912
-3897855
-393382
-777438
-3584011
225934
-4556503
-4068309
105260
-111567
-4602716
79867
88720
-1748609
53265
-214573
157847
-454317
-2904128
942238
-2426741
-786636
-820339
-2478339
427319
708711
-3469567
-1717899
-1288408
-2836390
-1615652
-1286136
-1111865
-2736476
-1365459
-1787495
-1504681
-3200469
-3644017
760914
-3684104
-3699884
395231
-1621167
-958925
-2037856
-3621001
-1503072
-266251
-2398526
-4522126
67263
-2470002
-434992
-1190856
-2527811
-4492839
659720
765003
-4400446
-2335257
-1456353
-1851499
820238
-1419272
-4300339
-3803711
-145099
-2271195
-1894924
-249816
-4726087
-310064
-4765141
-4976264
389230
238188
-4980569
-3938561
-3907922
-615040
-1667451
838664
-4813096
-3716522
-2578364
-2067768
-3015539
717707
-3897186
-4168818
-3540169
-2931907
-1090987
-399809
-3339899
-4476183
523666
-3839146
-4154559
-4534828
-3242122
-281203
-4203981
-4417295
-2282824
-925112
-2573951
-1905639
-4423635
-1847437
-1851203
-3813560
-131919
-4385563
-515305
-2338366
-4958919
-2105441
-3053288
-3171812
-4723746
-4683890
-1673391
-4343514
-4119112
-237021
-3781720
-2224198
-893896
140577
-2399060
-2509096
-672252
-1169933
-1089631
-4452666
147766
-2733479
-3788017
-4403846
703099
-2543063
-986119
-2347414
-3953603
-2457119
-1854277
-1944505
-2632940
-967569
-3637581
-2644879
-3627968
-3407813
-705671
-2973038
-2119334
-4061938
-1448910
-2521634
-3138996
-4687762
-4639684
-1510433
-97686
-3465865
-1469209
919405
-1668096
-2197887
-1488896
-4274499
-1386275
-3014184
-1286403
-951483
-512027
530537
-1096541
-371628
-3274593
-1207423
-739818
-3291421
-4549927
-2973453
-3797659
-2769507
740648
575398
-2318754
640942
214860
466815
-1821538
-2575391
-113271
-1707376
-783789
-3825824
-1602457
-2281670
-2485448
610625
-2911633
-2290748
-4983370
-2516043
-2914770
-4055246
-230124
-1442465
-3431331
-797054
-4715364
-3581112
-1143782
-2229473
380511
-1279677
-2519979
438379
-3603827
-1731009
-444702
-2931250
-482860
-3434699
-386854
-1857330
61279
-1435508
-2682830
-719845
-948026
-184386
-1172559
51862
93203
-2546294
-685914
-3974297
-3797714
260365
-1406376
-2260778
-1063563
-4261366
-4248086
-1098832
-541658
-1316487
205719
-4717776
-1132542
-1655574
135133
-725787
-1434847
131325
957639
-581127
-4884222
-4143770
-14026
-714359
-3886749
-4287105
-3240649
-3266438
-1369781
-3730352
-2869285
-1630885
-1761029
-2780711
-1952930
-959652
-2463571
-365784
-4469940
568490
-1227904
-1835242
-4587481
-2616319
-2694799
-269722
-44225
-1287776
-4789744
-195928
-4102147
-3401399
605165
-2533224
-4492089
-3747761
-4506097
-638858
850804
-1029134
-1339268
-4286340
-2308038
-2652349
-3420853
-3325945
-4440371
-4766041
-3683258
-657985
-1949013
-4194798
414870
324222
-2843476
-1526168
-1241349
-4511391
753687
-3149699
-4300508
-1765546
-1053545
-2882486
331984
-1644747
-4443174
-3765876
-4642810
-4446564
-3134634
-3645170
-4643415
-4389207
-4988981
-3060345
-2934747
-1440050
572127
-911882
-2606987
-211531
-357408
-1348580
-2427297
399048
-577846
-3006887
-1930212
-4635324
-2519750
-4152000
143786
-3267900
-86957
-2531394
-1772144
-4714211
-1024528
-1469308
-617193
-1436034
-1231530
-1638638
-500613
-2029785
-1344448
-2870935
-4279970
-2886637
-4377554
-1763072
747803
-3112663
-41399
-1991357
175800
-4541130
-3923800
-3826999
-2706411
-277321
-525482
-1927927
-945644
-2187641
-3968790
-2831542
-1502382
-3384131
-2604102
-4762570
-276660
-1324787
-3923873
-1811676
-2406120
-3837074
-2581823
974994
-129539
-1065149
995318
-2095951
-4616867
-174563
-3042505
-3048689
-4322727
55032
-2557108
918504
-2704392
-3087925
-2775739
939183
-4000562
-4074817
-4547962
-4705528
-2081457
-4305869
446066
-63068
227758
296169
906771
-4653900
-3428277
-2500686
-1255923
983721
-2385021
-763415
-764557
-2871397
545627
-4871985
-3753512
-3668084
-3975355
-4603261
-3752868
-4946605
-4135187
-3898814
-290911
500118
-2737546
-1504125
-3562247
-4588153
-4621606
-2220832
-2812111
155661
719435
-1436249
-4043906
233617
-814706
-1396802
704071
-4175087
-4788080
-778551
-755177
-401329
-2519072
-2446025
687010
-1280879
-1531047
-2201503
-3217510
-2128893
-185737
-882049
-143607
-4913544
-1123078
-221830
-3006727
-4211401
-3673968
-2338499
-4813429
447209
-1362990
-806915
-532870
-585793
31663
-431152
-3027002
-4837263
-352491
-694977
-1490216
-1666632
-4109000
-1399286
-4561599
-4129455
544224
-3373739
-1786373
-4099604
-2666576
-4856334
-2841260
476002
-1344375
272273
-958290
-4701757
191298
-2035532
-1888206
-3032990
-1550889
-1061865
-2821979
-1581274
-3360786
-3207465
-3737384
-1043292
-2817786
-2471320
-1813524
-897674
-1211671
493913
-1693476
708170
-1643722
-2933848
-4379183
-536488
-3484015
-1131962
838125
-3617000
999009
-1991478
-3742688
-1741872
-419658
187339
-1058171
-4989073
-1682092
562490
-609122
866113
-358837
946528
-1166280
-1641414
-4844011
-1786512
345389
-4446182
-3774710
-1586481
-2614217
-439494
-556265
-1219517
-4721260
-1387006
-2737859
-3367037
-3071197
736554
-4942458
-218617
-1505917
-906149
865340
-2019781
-2857125
-2619747
-1375834
-3090445
-4296819
-1752939
777945
-4536835
-451503
-3327167
-3888132
-75541
167756
-3236605
-3683123
-1522302
-4554397
-1412118
-1513070
-4107045
-747076
493008
563951
-3253073
316333
-3829380
-2958240
-1795517
-1041487
-2677150
562805
-4517449
-1833982
-1497640
789157
-1872864
-673273
-3290495
-2556009
-713054
-1787024
-11181
278497
-3386857
-4085676
-1985934
-1862736
-1103493
722983
-4160847
-1472639
650856
-3368624
-4760371
-511082
-3768252
-1123003
146644
-696681
-4104849
904199
-4672660
-2786909
363379
191338
-4497229
-966405
-2151305
-2626166
-4791435
-1609874
-1922976
-4907706
-860250
-55439
-4499685
-3078230
-3341055
136832
-1755792
531114
-4940892
-451887
-4824689
-3550828
-3523251
-424444
-886344
-4807779
-3405017
769055
-3844471
-1495991
-1872770
-1725577
-4923236
135523
-3937723
869328
-127252
-3416858
-508552
-3826397
-243
-4026889
-1519741
-3107224
556875
-4775219
577695
-1507619
-3284474
-3289176
767303
-47250
583533
-4259262
-2406914
-4705646
-2374581
-1665551
-735291
-1316987
-2145932
-863757
-769818
-3621977
-3595006
-2820805
-123851
127443
-4967925
546394
-3695982
927133
-3001392
-2564002
361424
-498303
-1956495
-2107974
-3133674
-4713201
-164510
-1089357
-2895707
-1129516
-3526208
904116
-2275566
-1103137
-1900677
365325
-1760423
-4004914
993628
279934
-4156506
-2506252
911919
-677550
609044
168278
-4666525
-702191
-1956399
-4770474
-2216796
-4257299
-4212257
-3459039
-522235
-3918032
-3914409
380022
-3167850
-4014629
-908490
-26152
-4570347
862856
505352
313111
338247
-412835
-46712
560588
-4809427
-2449688
-1160790
-3150112
896532
115830
-1058938
-3745860
881814
167169
-2007134
951918
-4464172
-1862706
7220
-2201521
-2042278
-859665
-205618
528845
-4847937
76732
-2364412
-4153883
-4844948
-3042665
-3324607
-2382951
-2281597
-3460693
-4072212
-149302
-3179592
-2796195
-4406482
399843
-1716001
-926679
-3137507
-728593
-4684764
-3241641
-4729035
-1893306
-4582421
244200
-3011265
-1744614
-1823044
-3727077
-2008225
-1754593
511176
-169459
-3186306
-491259
-402731
-2257133
-1960169
566314
-4244014
490209
-2982587
-4981880
671534
-1497828
-3511217
-3462628
-3086761
-1114414
-834887
-2418823
-3891
838283
-3569352
-818861
-2410895
-2539037
-987447
-4390806
-603156
-3264802
528421
-3245872
-3240318
-3207130
-929234
505505
-2341780
-4574564
-354902
354244
-3511973
-4124723
-3847955
-3950072
-1259582
-4296434
-3760991
-2276368
-3805070
-4981639
-2166862
-928616
-314436
-1485565
-1619904
-3781492
-3590579
-4801710
-3036151
-488204
-1878232
-3263089
-2716372
-3053272
-2198556
-1100611
-2499428
696369
-3878035
598023
-4872791
-4747533
-3276296
-3303166
798049
-68233
-597862
848527
-354357
-1633681
933241
-4293396
-3997824
-4140148
-995456
-1212209
-2831759
-2006993
-2965676
157997
-4554825
-3763336
-2061715
-2467626
-4361891
-448239
391390
-1500024
-2105996
-2557419
504306
-4622903
-2809213
-4391718
-2931316
-4220720
-3071586
-3178119
-39591
-3429250
-1684239
-2380881
-2572558
281649
-1061602
-2912639
995874
-286782
-1412275
-2067298
-1198412
-161974
-1207608
-175679
-1697193
-4446998
-1473562
-2248297
-3399394
-2864307
-3491254
-922323
-3087814
-4888972
-1090765
-4884261
-268542
-1166672
220755
-4711674
-4642092
54082
-1650328
-1778182
-118391
-3228455
749530
-204586
-3894050
-2093832
-3664228
-1391634
-3557563
-340187
-4071758
-3464304
-3449417
-2720237
-4610601
-134104
641805
-1184572
-4169479
-2135230
840114
-1942248
-92054
-2321863
-428548
-2942167
-1601304
-4861768
-74032
-2242115
-2024598
229567
-1633145
-3466619
466619
-813577
-310837
379246
639381
-4548821
-4816139
-1755467
-4381155
-3353185
-256288
-1001875
-1119062
729507
-1753301
-4312817
-4856032
-2106098
-4467982
-3611932
-4040278
-2277752
-1856968
191771
-436260
-4316814
-4022389
10825
-4953379
-684532
-4775624
-3001279
-757807
-4966385
-4961146
-597721
438351
-4659985
-1030056
-4802142
741495
40998
-1242553
-3207717
-783983
-2609856
-1449319
-3893290
-2298798
-1957364
-503584
-4051827
-4059766
-4076033
-3358947
-1588544
-2037
-2509245
-1438054
-3654137
-565959
445720
611298
694797
-857255
-2210479
-3737899
-4724270
-3711363
159491
368831
-3830940
-2721225
-2294230
-1186950
-3241178
-1500157
-2193184
-4553964
-791660
739981
787214
-134527
-3532312
-1600985
719630
-1380674
-3825437
-2352509
-910722
-2826088
-1125317
-847253
-1256137
-1649721
-4404802
-1861068
-3700702
-2433580
-4390820
-4710665
-3681728
65785
-2267731
-1927996
-561135
-2089967
-4406286
-1174048
-4221146
-3493008
-292874
-452416
-3392133
-251129
-4328875
-1687532
-3322869
-1262797
629802
-1035630
-1034955
249315
-762167
-85678
155361
-4205303
-3418432
-3943976
-4326956
-4233209
-177251
186533
-1918877
-4608674
-2935344
-180555
-421153
-3834616
-3483640
-105256
-4696538
-2578334
275745
58586
334090
-1461862
315032
56397
-974154
49597
-550321
-2091629
-873695
434483
-4544172
-4055550
-4127282
-3071786
-1580991
337015
259087
-3659378
372466
-4646796
-2238946
-4714824
-3913667
-102902
-210943
-3831665
-197557
-4047832
-2083559
-1817629
-1581013
-1576864
-2351005
-1430209
-49586
-1398227
345785
-2979668
-1967557
-1777163
-4725977
-2606060
-799730
-4881917
-606040
-214599
-4812225
-645047
-4395979
-2811687
-2104766
-4664583
-4657195
-4896466
-3240565
-2604164
-2118173
274464
-2219973
-3333765
-4484400
-2208970
-2529611
-4408117
-1855899
-356229
-995429
-2512824
955314
-2352613
-4642282
-3937599
-3993479
-2955109
-1152675
-2554599
-69673
-3180872
-2383519
-1709514
225432
-3639767
-1542445
-4497479
-207517
-4632083
289334
-636261
-3121654
-3156161
909625
-4957428
-752594
-3291707
-828390
-2586311
-1957839
-4906300
-176792
-4146616
-759022
-679828
-849384
876265
-4723515
-2294797
660351
-306930
-2353830
5085
-4741605
-3445332
-2350950
-789856
-3232388
993808
-2256757
-1965211
-1448283
-3170590
86544
-740699
271591
-1249430
-2268455
-727751
-4081274
-2362449
-2514257
-3539922
-2805522
-2693685
-2141889
-3590972
135317
-3867032
-1007027
-3853634
-1860401
-4440439
-812357
1223
-2835034
629855
-4439235
679263
-3890597
-870958
-3708613
-3169214
-975595
-1832521
-4893962
-4372098
-319036
-1272835
-3385312
329386
290578
731513
-2793949
-1474513
-2990370
-3300259
-1334248
-1731902
-4434043
-1583213
-4670821
-2142329
-4350270
-786822
-572809
-4912427
-4134541
-899515
-3799123
-2297435
556221
-137548
-2035744
-4598647
-1881633
-3367198
-931354
-4538266
-4116907
-2335897
-4995089
-2873121
-4491699
-1378238
-2043382
-1086036
-85724
-2702432
-2787930
-40035
-1472205
-4992701
-3028741
980525
-716507
-4558614
-603908
-2740789
-3239732
-1158088
-1934960
-4981831
126888
927563
-3853620
-2558271
317468
-1889945
309428
504876
-2442173
-4728451
74466
-4008599
-1843532
-138131
-2643405
-2138130
134479
-3617264
-4131676
-4047474
-4851681
-295875
-436473
-634147
485215
-1038889
-4937956
-4845321
-52455
-581728
800127
-543684
-4188011
-655086
878903
77310
-1806657
113794
-2172779
-3822003
-3840546
-1451231
-27327
-456240
-4130874
-2251153
-3820855
-4720459
-3355925
-4258800
-1939559
-398251
-4420086
-24625
610004
372604
589264
-509933
-459060
632782
-4412364
-3165974
-1093980
-4713006
-1873641
-3410562
-1769855
831000
201076
-2428729
-1620888
-3859545
-2096
-3379897
441120
84132
-761635
-2137553
-4246038
-1709898
-4779710
-2087828
-412312
-2431508
-1818486
-106140
-3287155
-4334930
-148300
-368846
-1337503
-3354118
454505
45870
-1019892
-489296
-1913709
620272
-2700519
-104692
384488
-16113
-421566
-3791885
202356
-3424536
-2979332
-4264450
-4380327
296030
-4686818
-4173400
-4570741
-2046027
-4252113
-457696
-2374181
893116
291337
168167
-239442
-1002840
-1644813
-956654
-4590872
41803
-4538058
-4453085
-1500843
512696
-758065
-4964308
-740087
-4012851
-3505573
-2399907
-1230438
-2150945
-2777293
-1356896
-2847744
-3506150
-1484499
-1909413
-4776368
322032
-914373
657868
-4300876
-4382941
-2143624
-2001218
-3574264
-2984765
-3018660
-19167
328613
-4064869
-2977624
-841075
-4347276
-4392707
-2145230
-2087183
-3378601
-1541652
-2508775
-1546325
-1666212
-3532687
-2901370
-3090597
-2691187
-2269881
-844345
-1140317
-2665375
-916624
-1920124
-3964264
163528
-131054
-3371306
-364771
-3915009
-1315161
-9287
-4383389
-576974
-1213629
-3686095
-1973841
-4136696
-2698254
-2180320
-2023811
-2822160
-2584792
-1140161
-496753
-2519994
-419220
697129
915145
-3242068
806943
-3681465
-4639188
734186
-3857070
-1202625
-4666988
-881860
-527656
-717564
-2256382
288585
-2079619
-1151964
-1767382
-4784074
-2249607
-4722698
-4460958
261560
-3198301
-730015
-289167
-4889800
-1829024
-2612044
-644378
-2074511
964295
-2130576
-1215126
-462500
-3034676
-1064690
-1359456
-1898675
-3715689
-1482121
299970
-1994394
458609
-4924406
-3145238
-3664193
-3444333
790546
-3459610
-3902933
-1619865
-1305398
-2247198
-3779763
-1269713
-4668931
-1439198
-1395015
-1386234
-2697092
-773427
865113
-1767186
-4089974
48232
19120
-4475916
-885681
231348
-738364
-1604308
883397
-1407026
-1841106
-3252023
-3341357
-354118
-3948971
-886413
-2735099
-1578994
-877818
-3881335
-3279283
-1983313
-3355567
-3320869
958862
-3607701
-2759175
-4874377
-3873249
-4216349
230448
348900
-1184141
-4608349
-3394128
-268813
-2643421
-3688760
-301327
-4670487
-4697211
393411
-3141915
296447
-4729997
-2770446
-3755959
-1089140
249214
-4664599
-277297
759012
-4643929
816872
237838
-3381383
-296386
-4382908
-4011793
-2390204
-3161566
-4737612
838566
-560368
-3141053
-4813671
-2904732
-5841
-2271209
-4625258
-3333961
47952
-4400423
-64433
-1153819
-406110
-1876478
-1493687
651727
-33311
-1402991
-204522
-612208
-4776883
370110
-896668
-744051
-102519
-2919909
13795
227534
-961124
-500978
-3569212
43627
-2083669
41826
-2029725
-3301088
-3374479
-3600465
-2987027
-2048818
-1235085
-3161234
312990
-459147
-41806
525664
687756
-3373176
-1652388
-2127893
-4787562
899103
-977160
-2805642
-3135535
-246556
-360072
226093
-4743258
-3611916
865965
-2924862
-625252
-4880
-1055211
-479171
974923
-2337249
-1076022
-4517147
373912
-2523991
-4368288
849825
-3300903
-4113119
-17990
-1949600
-1481312
-2364635
-930611
178677
-2559796
-1044306
607609
-676581
-342911
-1037084
-739153
-924791
960324
-2650869
-4811596
-3835836
-2879692
-4751730
-4611858
-3665660
-1018116
-2280243
-3157171
-728344
-3965761
-2694325
-3478643
-1979356
445887
623404
998954
-2200431
-2231296
-832675
-4105231
-1415830
594918
-1023333
-1687773
-1404570
-2775053
-422965
-603572
-1102281
-3786765
-630372
-904741
-3628870
-3804889
138349
818026
276456
-3785247
-1009728
-4898023
-762116
-898670
999190
-80019
-4324338
-316061
-1114910
-2484477
-1482838
748560
-2483898
320700
94208
-4349211
-652368
698228
366570
-746115
-175442
-2075874
205883
-4060579
-4321946
-2046182
-3775164
-4403143
-3532773
-4867555
-403250
-2563044
95051
-4854344
-1668922
-3468926
-218154
-1430982
-2853072
-1878593
189560
420857
-3862709
-4510630
9974
-363833
-3678394
-3548223
-1458372
-4799056
-3784078
-1466150
-4292340
43374
-3082197
-4947431
-1281377
-3360428
72921
79284
-4171737
-2228786
-1185297
-4391861
-2875760
-483568
-934881
-3013364
-2151373
275613
-4993572
-3506552
-5614
722376
-195243
-672648
-3917928
490744
-2293350
-2814002
-1174206
-500450
738193
-1308470
-32080
-3560062
-1576329
-3142593
924299
110355
-3997596
-3982357
-3265286
-4554325
-252024
-2310092
259229
-690524
-4408497
-4149718
-4809766
-2154266
-3655724
-3552822
787153
-128515
724750
-3018402
253255
-4830033
-3412859
-1880210
-3558577
-4150061
-3926597
-558535
-2325729
-2096797
825364
-2900750
-2035237
-2611062
-783315
690603
-420164
-3874489
-1134480
-4424797
-3679164
-3543258
-1321501
-3477377
-3709180
-3603412
-2626016
-2298404
89542
-3541504
-300538
926912
-1733467
-4045981
-3036518
407935
-1566448
-3944860
-268657
-4759684
-3854754
270484
-2627542
-29108
-3945887
823406
-163662
-2062618
-656095
-1451855
995483
-1552913
-3370506
-1677690
-4845617
-286769
-4829367
68720
-2793703
677789
-726652
-3547464
-2278035
-2224356
-1586668
-1888313
-3927721
684971
-4986335
-1782991
-614754
-2570204
-4970282
-3624283
-642557
56081
-558667
-691692
-22048
-296101
-3161838
-2812980
-1515807
-1037692
-3631268
-2359002
-2715327
-4527263
-1957527
-2541283
-2695807
-1492178
-3943198
-444871
-2123789
-2337134
-1207221
-4379226
-3660813
-3604855
-3723239
-2849568
-4472768
-1266013
-2946472
-4209192
-140452
-1432998
-1668784
-3612107
-4955404
-1325863
-496506
-561038
-4432074
-1148373
-889744
-1806857
-882516
485755
-2066366
49014
-3031558
-4622357
-4113623
-4067129
-3063032
-665335
-2529234
-2734657
-2805811
-2530995
-4166549
-4717708
-4385066
-4924339
-3969794
-744506
-1685122
457438
287744
-2838152
-4294107
-1619092
-4482179
-680123
-1508120
-2549676
-3045343
-2641408
384692
-3901635
-2974319
-479135
-3673027
-2719897
-1375844
-380616
-990463
826518
-4242694
-2158717
660995
-904521
-4216439
-430431
-1057359
-1111269
-3764113
-3515792
-580854
-1554824
-2907726
-1070934
-2711183
-903788
-2372548
-1384933
-688830
-4461028
-262495
501503
-1353325
-3906504
-1582776
-1641943
-4278979
-3835164
25761
-617395
-741257
-2887408
-2770013
-1825650
613722
-873072
-4137533
-2248841
-230055
-1045305
-4996692
-2983910
-3403437
-2462085
-1897072
310568
-1119233
-3694164
-4390474
-4036697
-161420
982159
-4671078
678848
-2468130
-1259834
-1859026
-642247
-2063027
141440
815593
743495
-268534
-2958448
-1495555
-608615
-1918442
-1368986
500874
-3149531
-2362863
-3712178
-2062217
-1898833
-4868814
-482771
-4576000
-4249137
-1247523
-3101252
391725
-4318656
-533893
-4364108
-1961199
-4540169
-3622238
-628215
-2839465
-586467
-3770327
439417
-4107876
-2692807
-4019360
-2020480
-400608
-4018141
-1194378
-2754311
-1145576
-1567133
-1611962
-4786954
-2863570
-4494668
-3385489
-1717761
-102177
-912061
-185753
-4305055
-3835538
-1926287
-2234356
-3481388
365118
-3942130
-3326147
-203131
415721
731509
-3264096
-3044132
-162342
-2981957
-2083278
-4540480
-2775110
976762
-4325655
-4009397
-3419268
-3416086
471216
-451159
-4461069
-3488592
577609
140098
435497
-189372
-1768668
-298751
-2558585
-3415361
-2187393
235488
-126124
-1861031
814823
475187
-1122077
-3406081
-4724909
-4057440
-3981693
-4213133
-2174360
-3487090
-1269277
525497
-2475934
-3286349
-1543366
-4521603
-2552286
938799
-3079239
-237689
-593861
-4154039
-2155909
-3941862
534081
-1271146
-4592343
146306
-2425232
148596
-2487443
-3795771
560317
-3248271
-4516227
-3996081
-4582924
-2165043
-2580272
388236
-2122031
-1448265
-3049607
-677810
-3892697
-3654444
-730063
-3559204
-4911672
-3019511
804562
-4443039
-837653
747890
-60785
-3319505
-1630132
-436979
-4982330
-776996
-1098723
-642247
-1418633
-132933
-3826510
-451785
-873924
284257
-2157344
-4170784
-1600238
833371
463603
181438
198078
-1199406
-796676
-768299
-2646895
-2433758
-3204639
-2341319
-3782055
-2865819
-156082
879782
-2722071
-3756781
-4099955
-1956947
-662449
-2597700
-729415
756987
-1007371
-2655392
-95487
-2720462
-1383391
166978
-3996155
-3222191
-243264
-2105813
210232
-1448104
793968
-3575966
-4644237
-4970360
-3844199
-2466611
-295845
-3079441
-358250
461874
-3878176
946791
-4344119
-3146622
-3370535
660741
-1936382
356464
-4591576
-49048
-3853927
-4295240
726935
155077
-3785907
-4032419
-3069395
-343397
-4063260
-519999
-4621664
-822552
-4629460
-2645967
-3766432
-1130214
-3373349
-2988380
137279
-3471366
715709
-497227
-4739048
-4378827
-416578
-766489
-1665019
-3312475
-3162026
360320
419825
-1148577
-2116908
-4846804
-867394
-154025
-2640271
-2798332
-1799217
-3351695
-4123155
-1773767
-3175780
-2950820
-504602
-1594010
336690
-4435316
-362330
-2896796
-1461338
-1981966
-1644028
-3098473
-3067964
-1948314
424093
-2547375
-188131
-917143
-4982348
-2179939
-2532588
-2970101
-4101400
-4028019
-3505531
-937203
-1805235
-3904031
-4655872
-1814993
-233728
-2444200
-4080761
-4889734
-4254853
-3289562
-3260383
-4187064
-3097492
-4542779
-2074262
-1031533
911082
-3596412
-3947485
-2409098
-4530850
877819
-585989
-4113910
-4458187
-581926
-4500790
-3349618
-3012269
-455668
-1494841
679869
-4492229
-3366935
-379925
339334
-3362833
-4349561
986301
-4967782
-1514334
-1537455
-2073704
-2579306
-2107116
-2436037
-4932397
-4758731
-249425
-4552634
-1325379
-2864591
537401
-4102779
-743782
495963
26499
-1843838
-4179132
-3478674
-2128308
-4366635
-865309
-4069247
-601765
-4675226
-1360255
362414
898983
-4206353
-2633045
-974649
-282457
-1475736
-1734432
762284
-1418444
962289
-2474612
-660560
-4484379
-555682
-4097018
-4917044
-535982
968710
737039
-2450975
-1926669
-1785898
-3651246
-3492105
-3208696
-2965431
-1499502
513521
-1459005
-2876875
-1683913
-4839765
849843
747659
-1715780
-637383
-1314809
-1377530
906514
-4898676
-2100533
-1318823
-3238816
801501
-4710747
-3727231
-1139649
-4391401
-3038239
-4749623
-1437952
-4468588
850494
-3437121
-3279526
-4605465
-2130283
-3528370
155062
207131
-3912244
-1254046
670315
-2216790
825832
338728
-4728930
-3636558
-632308
-407739
-3547280
-4515844
-1253848
-1261784
-395322
-655372
-1715925
788672
-1444516
-899560
449793
-726947
-4847068
-2892607
-683069
-3571253
-878284
-4466614
-160205
-59199
-169910
256929
-4702582
-3868928
-4597793
-840690
767827
-2881750
-869291
-1012549
-1302795
-2009507
-2359645
-3632492
-1804131
-556453
-534033
-3948832
-4771396
-4090546
-2021048
-2566459
167826
-2453586
-3320522
-3019220
-3093477
-2475255
-3824153
-3498277
-4934216
-4954582
-816260
-1461758
-2396129
-2814391
-1477760
-3082037
-4504253
-3323826
667637
-2706574
-2868453
761972
-1828828
-1820698
621712
904675
-4136213
-3715606
-4097894
-4102645
940283
-4117708
-3194588
-1315722
-2973528
-2432407
-997963
-1079488
257055
-4733191
-491841
880094
-126601
-1421429
-538278
-3678547
-1597084
225960
-1829015
-4551415
-805163
-2668801
-1186852
-3681325
-705130
716577
-761965
-1512549
948496
-4155333
-1068335
-215747
-2215639
-1730123
-3304418
-1234450
-3358218
-3629115
737292
-3482747
-721432
-3468
-640429
510695
-2459470
-3470124
-1050318
-334838
511300
-1760931
-2319461
-1999056
596512
-3282970
-4399867
-4237994
-1090476
-952971
282026
754632
-1468824
-2190596
491667
-3204139
-308581
759408
-1699091
-193427
-218067
587075
-4587027
-2982409
-1846329
-4158785
553434
-4679552
-2603194
-4338016
647133
-214774
-629605
-4751124
-2026885
-2876311
-3909242
-2407772
-48143
-2142979
-2483428
58308
-92671
-2789319
-18788
86398
-1275050
-1041745
-2662566
-2406003
-2348822
-2861374
-4513099
-1396581
-4428828
-1642536
420596
-4354735
-100035
-1835612
-3276473
9232
-4624915
-1975214
783683
-3510076
617958
-3256548
-871471
-1349848
-2208261
-2856730
-2087274
-4743815
-4966262
-757408
402975
-1824350
-87065
-2433315
-2374981
-4849136
-2454024
-1235547
-1265401
-3991619
-3642144
92834
-1594186
-1148803
-4836694
-229795
-1114297
-4635405
-3979462
-3965321
93614
-3083077
-108694
-2140816
-4710736
242434
-3236811
123064
-871542
-4869790
874866
-1408456
-4764538
-310465
-1393932
-2439046
368277
-3255402
696035
-1371633
-3927087
-2432466
828529
60160
-3586017
-429378
-3242495
-3975587
-17303
-4197678
-3075576
-2777154
-4417267
-2343460
-362865
-1170021
-2636881
914118
-366515
-976818
-1657875
-2975310
-1770814
-4534718
-389104
-1319178
-4146402
-56840
-3908806
-3549084
-859433
496578
-4796696
144911
-2369823
-873603
-1269931
-1441168
805885
-1203008
-3356698
-2684642
-231544
-738816
-174680
-4792702
-1585480
-2490227
-1339425
-1001369
-3966209
-4845174
-2669168
-3203328
-3878618
-2774166
5120
-1641923
-1162971
841211
-230789
-1953243
531631
-2070556
-3224092
-4803290
-3737453
-1424274
-2861317
-3839857
-3782231
-3979232
-4875448
-780343
-2309285
-4661087
-1430174
-4157453
-1088115
-2709690
-2480378
415154
-4081511
-1904943
-2136994
-3602899
-541487
-4728655
-4383940
-4735344
-3497873
110683
972196
-1926419
-339701
-4108435
-4600421
-1801239
-1116999
-3899499
-3823669
354768
-1753288
-2392244
-3605820
762606
-964455
-3531323
-4988866
-377833
434051
-4902425
-2513804
-542229
-1033099
-4482102
-1694719
850229
-1975199
-961315
-1141795
267315
-4758237
-1464976
-2958513
-1730359
-2053202
-289498
219135
-2849159
-3152843
-4907907
-4662194
-4572616
-2225385
-4848663
-3755399
-2190987
-749493
-1143084
-4990237
-3286587
268025
-888973
-873114
-953501
-1780800
-3951138
-1727281
-1046591
-188091
738282
-4213862
-2198983
-4602733
-4113971
348628
-3148656
373766
-1296851
-2780866
-17042
-983318
-1694685
-4287113
-1657162
-4920548
-1887809
-1307465
-4829354
-1287792
-3317826
-3825039
-822030
-3645621
-1913911
-4935107
-4173002
-3851171
745582
-4648074
-865293
-3681471
-3434626
-4441558
-3012446
8437
676690
-1776242
422395
-2192556
-3357240
-209707
865175
-4483666
-4397534
-3336834
-1994221
-4442018
-3868976
-3446425
-4891450
-3201882
-2954816
-4160321
-935
-4138348
-3504806
-60998
-3460785
-69413
-2851521
333156
-4461976
-2276719
-701577
355817
-4566707
525669
-3097729
-1506628
-1501286
-4741269
-3795728
-2506629
-3872300
-2760580
-1196663
-636718
-488244
-986942
-2792759
-2959497
690378
-626428
-2507128
-3238916
-1108497
307842
-1880933
-4422702
709369
-3104814
-4300298
344408
-4425815
-476768
-4444745
-2636411
-4864951
-3961910
-1489582
-2238387
-675062
654428
-3966003
-3422218
-134814
-3332164
-934385
-4784482
-1205648
-3963734
-3271105
-1339380
-2640275
-2426022
-1828404
-3700139
-4201126
-3409589
-1262452
271961
-2271074
-3052668
-3389167
-3935181
-2510851
-337215
104631
-3053780
-4412919
552079
-499637
-4789494
-4272060
-1655865
-618006
-3587307
-4047969
-847958
-2625005
-4373285
-1873409
-763553
-3366329
-2572256
113241
-2945149
-4734522
-1034067
-4815542
-4897143
-546936
55896
-2559449
-4350688
494874
-2456190
-604126
-3712708
-4681070
-2730028
-4927268
383266
-4652829
-4475692
-2112584
-3477592
-3534643
-4884924
-4592830
632344
-284998
-3514263
933352
-3092362
-4107251
-4541844
524866
-918403
126969
-361776
-4995425
-2600218
715269
-1225549
-3374152
-911355
-3280213
-943944
-1766346
237915
-4166933
-4333823
308969
-34409
-3497114
803819
-2817357
-2671146
-1503813
-4822926
-926550
-4458256
-3529626
-3301301
-1298593
-3153489
-1538437
-4047580
-3427966
-1681570
-3112767
-4047865
-3285126
-3649163
-4173281
833548
-4945372
-2764525
-1981484
-3327509
-296051
-809453
-709144
-542117
905116
-1842973
-3314660
-812011
-1364546
-1464260
-1346358
-4701317
-3298763
-4958939
-2123974
-3986071
-185100
-3770271
380447
-1122208
410139
-39649
-2980504
-4799141
-477471
-4542354
-3972549
-1439598
-2134912
303114
-62453
-2628936
-2959950
-4653622
-922061
-3157360
-1810497
-2518820
-580738
-1360443
-1527821
-257322
-2894448
-2873549
-4666386
-3431774
798180
-2349995
-1915912
-3390477
-4191380
-4955763
-1821432
-2224589
-1066525
233616
-2967564
-2231283
998404
-341794
-3106935
-4056355
-4416481
-2400004
-1546039
813067
440094
-2011966
-4325686
300375
-3243835
-4912006
-453543
-448299
916511
-1661589
-4567863
-2048024
-3612702
-1652173
-2379484
-3213447
-4922775
-355564
-3572355
-1204471
-771552
-562150
-3667476
-350229
-1215047
-1502843
-108462
-2255309
-610760
-2174077
-4026507
508148
-4150183
129433
-4587118
-4968014
335489
805669
-2374192
-4929475
-4421021
-938938
-392477
-2186655
377726
388764
-4662642
-1141099
-2791520
-1105817
297723
-825977
741647
564306
-2627931
-1982638
-2846016
-3464035
-4749325
-2815365
-3618304
-2943635
700297
-857769
-1216384
-1680359
-3623160
-2211390
-2992146
-3899291
498659
-3685236
-3602050
-4193691
228543
-1914949
-4217350
-2309354
-3305990
-2885273
-1427877
-2693260
-4405088
631904
-892681
862093
543303
451429
-2736501
-768601
-2483354
-151686
-2844280
-1110144
-3976267
609794
-67882
-3350007
425974
-2120113
107076
-3311497
-2124333
-2882279
-4334449
668340
-1003150
-2580756
-1988025
-4115956
-526298
-4202501
-1324738
-1913031
994949
-4776948
-2249554
134830
-2340332
-1837975
-3043869
-3114313
-1859786
-648762
-486148
189431
-3214935
-2206068
-3336132
-3935731
-4350542
-1355590
-4126921
-3540004
-1410673
-168959
-3927658
-2566388
-1127999
-3754473
-2179528
-3678222
-3941989
-2717642
-2675437
-1307255
-2314136
-4181452
-4864925
280358
-3674488
299586
-3065155
-2222524
-830213
-2106415
-231917
-2607573
-4074855
-816432
-2328220
-408358
-2133127
-2128649
-4256260
-1958226
-2229488
-4300770
356982
95723
-1844268
572270
-1159456
-4368772
166435
-1219622
-3178917
-4761922
-4598016
-3879409
-4252724
-3224271
393182
-553309
646788
-4846916
-4659102
-1039135
240376
-4816300
-12121
-729699
-4923997
-3369514
-857455
-1376681
350985
-4321185
-4164524
-4042207
-3158205
-2813351
-1013614
-224065
-500295
-4331197
929586
-1107616
-2800517
-3952687
-4387354
89781
-225119
-1538254
-4589688
-2208166
-505890
-4922760
449635
947794
-965312
-1990639
2962
460413
-4705883
-24017
-1965200
-1071763
-724321
295915
-2191262
-2062234
-1496508
-3425161
-1819452
-4315794
-1269464
-3014982
874679
-4981043
-1453462
-2223560
-496964
-875850
-2018057
-911712
-2071388
-919604
-4468305
-4482713
-1364210
-584905
-4405048
-183801
-121465
-4820967
-3366709
486127
-3240727
-3138471
-4765002
-4596691
-2965108
-2900517
-534478
-929324
-136644
-3857730
-4139776
-3565665
120830
-121856
-3186565
-2315443
-4954561
671865
902624
-4445178
-3207578
-3086837
-4803780
-2275268
-913321
-3426699
-4509578
-4786023
-2094055
310430
-674179
-2220535
290468
-2177188
-2714599
-3858136
-1894151
-3174755
-1506284
-4835179
-2152741
-2334475
-2304391
-4168700
-501396
-720595
-776902
-2872079
689002
412831
-4671396
-3039799
-3692516
-795999
-1611975
-1879026
-520439
-4286644
-1905023
-2239494
-2762585
-2533841
-4971934
-4348505
-4178688
-505353
-4331070
-141799
-597863
83912
-3314095
-3178830
-1431080
-3248493
-3781929
456678
-3026970
-619141
-2169944
-2201175
-3614990
-929459
214737
-3446747
-2022526
-3177215
454783
851864
-423948
-381095
315934
-4737004
-1788951
-1659169
-1683543
-2745212
-2934371
-1224783
-3237604
-2001206
-4450681
-2438371
-1688905
-2708137
-1476753
-3466587
-4127286
-1378042
-1462492
-866218
957804
786874
-1182596
-2092500
-1983729
-4895738
-2831300
-1367550
846698
-2997448
261156
-4624869
-3671487
-4926612
525643
678284
-1131371
-3381150
-151400
-3643229
-106423
-4628264
-828379
-2487097
-2508430
-4525696
-456594
-1076620
-3586216
-407847
-3822235
-252828
-4008272
-4324336
-2117122
-4652390
-2745788
-1582161
-2723075
-4601201
-4842049
280358
418184
-2361088
-1549566
-1037667
-1448456
-548582
290412
-1568836
-4927401
-1178810
-364827
-3398930
-1208552
-4066354
-307169
-4753559
-2964754
-906259
-3713833
-4008852
-4596060
-1525320
-4929714
840677
-1957621
-4069715
-1014372
-1745324
-1650447
138983
-2970507
-4427716
-2201227
-3814424
-2790796
-3737478
-3387615
238542
-3264973
-1931098
-4515880
633881
-4942054
750906
-1687222
-937211
-2946031
77495
-2306821
230296
-3010016
-2215251
-867210
-4687562
-1211273
-3117499
-1411192
567884
-4040087
-4957031
-2020964
-2764217
-4400059
-30002
-3258371
-1006413
-2529243
-2085455
-2016784
-4229625
533689
831511
704419
-4652240
-2998246
-217579
-4718008
-4338498
622568
986130
-4011850
-1318038
-3270065
-610791
-2039774
-3373950
-269726
-3198424
-3464789
-553225
-3330785
-3581567
-4520183
-3433047
-3825970
53011
-4350911
-2772154
-1589096
-1603206
100537
-3038078
-4286501
7817
-3391014
485315
-4263271
-1882381
-682463
83245
-4457761
249985
-4320681
-2416878
-4694682
-117469
-2080621
-1154028
-4767730
-3602441
-343912
-1841851
-3107418
-395594
-550167
764030
-4914525
-38421
-55745
-3113875
870498
-68780
906677
-4797227
-3154369
-3434546
-1070646
-4647112
-3767246
374752
-2219653
-1750416
-3808803
-2203321
-1429279
-4007414
415335
-2261785
-634808
-4962535
968016
-4300559
-3438738
-921559
-3257286
-3766726
-4065422
-1376244
-3745528
-2673651
-2724641
153952
-2693642
-777777
-4946643
-3289111
-1838951
-1020786
-3245952
-1487461
-1807527
-3052204
-3451648
-2862144
-744961
-53278
-2219022
-2925429
-2897776
-2142368
4134
-2844588
-1552065
-3235345
-2528893
-3243725
598164
-4620519
875367
-4905068
988640
-1748647
-166397
-384017
-1805898
-881560
989530
-2557964
-2610838
-2632994
267761
-1101481
652536
-2057404
-3991013
511432
-1622360
-550285
54073
-2253574
944203
-3884187
-4723635
-1339079
-1028874
-3871100
-988833
8634
-907406
-3264815
-1540979
-1303190
-4819121
-2491658
-3527978
-4739701
-4643395
-316937
-4885523
-4148177
34988
143077
-799984
-3223485
-4658202
-1438118
-3312797
-904861
-2813607
946587
-2476637
-1461456
-181835
-2237222
752305
-19511
853865
-1776751
-3716968
-4530058
115803
-4919117
-1004498
-3199838
374905
834938
-2359600
-1858447
-1676286
-2206300
281032
-4252469
290035
-3211020
548769
-2860333
519067
-1028534
-2654250
-3113030
222397
-88944
-1224454
334372
-4821821
-4350320
-3050462
733306
556627
-2148927
-2544946
858436
-278794
-2372633
-3438216
-2758972
-750987
-909383
-3476021
110010
228939
-4787557
-4417318
-734345
-891892
-1622891
-284635
223355
-4947315
-2721060
-230275
-2183461
-4356384
-3456077
-1127964
-1217333
-2298046
-2213579
-2891812
-4577868
-3488586
-2762398
-3710320
-2913174
-664801
-2392086
-2132771
-3494385
-34840
273098
-3127033
-4334239
-3760046
-2465423
-812742
592772
-1660802
-2782846
-4556947
-4605508
-1632095
-3946125
-2108503
-853386
636331
-628690
-939753
911356
-16274
-2829641
-1855472
-281523
-2290192
-151143
-959109
-3515657
-1618574
-30734
-3067075
-4261623
-83016
-3293650
-1584671
81723
-3491784
-1171591
-238780
-2305223
-3683348
-350437
-357539
702001
-1511332
-4832713
-4293513
-3089382
-3462693
915572
-1360852
-4795154
-3991182
-4262179
758699
-3639244
-3762894
-471365
-3636452
-4231400
-863806
-341153
-3873153
886037
-4227891
-1816392
393982
-1970137
378439
-2508287
-4792172
-3685461
-282041
-3846750
-3853976
-2177449
-3112187
986000
-2291031
-2914407
-3422039
776350
160227
-4792406
-2575086
-3708273
-2103750
-834806
-1458241
-3110845
-2230378
-4706277
-4461254
-2618573
-2456387
-4371328
-411523
-777196
-4863232
-4856847
692722
-4807467
954509
-3448578
-1158928
-1387822
-3506642
-2334721
-2536073
210112
-1217733
-4001118
576533
-3382253
266486
-409591
556773
-1210404
-2601077
-677915
557831
-958528
404498
967509
-249067
-4832783
-2998860
-3173814
-3408854
-903338
-3313205
-847096
-3542323
86265
-835793
656371
-2521884
-972644
-4002257
-2240562
-1807298
254548
-2111955
-2271887
-3207531
-2216827
-929215
-2311731
-475680
-2217666
-2464089
644364
-1606128
-2415577
-3872755
-4305599
-810691
-1735443
-1021218
-2615301
-1110780
239766
-200225
-235022
-4196524
-2922535
-4370330
-2287855
-2367375
353136
-848921
-2923462
-4263942
-2984627
-2173452
554083
-975349
-3234195
558500
-2455621
-4747216
-2009447
-485163
-3029692
-1821938
-4837240
-309276
-1880043
-4363750
-73326
-1386960
-1448216
-390616
-3028127
-3030339
305951
-3236655
-3470707
-4224128
-2385617
691746
-2179173
-1656608
-1854580
-3530735
-2004740
131533
-2300244
910969
854456
46648
-4632813
577345
-3627272
-2795110
-2285052
211176
-1086374
116675
-1681516
-3024032
-3135034
199202
-2654200
-608601
789795
-2922364
-930054
79364
-2650590
-3789704
-4510990
-2911095
-3087967
-4076590
-1386580
301241
-3486924
-1890694
-246267
-1668898
-4061793
-3966305
-2116541
-1887043
-1528065
-4894345
-4492679
-4391722
-982621
-307807
-637
-1301829
327329
-577076
-3564192
-2696481
-3522589
-1018975
-3882399
-4739383
-2336319
-3719909
-2606466
-3554693
-3419004
-2886486
-3856741
-3437719
-714533
-1711519
-1256967
-1005618
-144877
-1465225
-1954647
-4953794
-775234
910873
-2448755
-1181762
-1213327
-839338
-3218915
-4851910
-588011
-3819935
-175939
-2898648
-3758638
-4277221
-276682
-687800
-2719857
-4123895
-57381
-4719232
256010
-1793709
-2555575
-1366637
-1193238
-3844285
-4319452
-2158014
-2021983
-4558704
344117
-3162333
562231
-4962338
-4673504
-215598
-2070972
-4638092
618002
-4980317
43688
-860822
-1820593
-1630964
-4410629
-274726
-4318491
-3238406
-4030418
-2982969
-2400799
-1721121
-4726285
-4897279
-4417110
-1095302
-457486
389285
320744
-3823578
-4532553
35167
-3367336
921456
-2251222
-2307019
-7816
-4926825
-2665533
793550
343784
-598356
-4498632
-1218643
-4305400
-89049
-2450426
-3036176
-447220
379707
-348177
-1567723
-52266
-96526
489260
-604574
-4697879
-2461002
-4101115
-2172835
-1247619
-2804908
-484593
-2431317
-1000422
-4449701
-3459008
271583
-2669706
-2207994
-3096967
-3884160
-3707569
-1477557
-1940643
-237286
-4833122
-2520069
-1520026
731008
-1448307
-2964335
-3675166
-467394
-4089214
-74829
-2536996
-396733
-2800966
-587845
-2260870
-4752823
-2187727
-3794911
-1826255
-1969490
-787216
-2767828
-133159
-3718145
742082
-1029588
-4095428
-3333600
-1421826
954098
-2832650
-4506342
531614
-1085019
-2326267
-4641093
-3709269
-1229640
-2059309
-882591
-3236795
-4699404
-236485
-214931
221458
-2181609
-359255
-66963
-4043199
-3268666
-2316233
608513
-4271969
-3019330
-485097
-3087298
-1811399
-2464310
-3565230
-3478035
-1756821
-1106429
-4158145
-82016
-3171189
-440833
-425007
-1010148
428439
-344168
-3370144
-2285618
346794
788836
-2133229
715989
871062
-28615
-4608228
-1883840
-4269674
425339
-4499503
-3682119
-4409546
-2443518
-377502
-4649416
-4376548
-850359
218206
80397
622052
-3791433
-379001
-2174781
-3320557
-3207589
-1693584
-823355
-1129959
-2399792
-4187134
-2194414
-2375797
500228
794341
-3751583
-3193815
-4464024
-4646530
-2496645
-3042050
-1900208
-4356821
-1886435
-871199
-1253909
-4213468
-763606
-2343735
-2685749
-3346919
-2133414
-1386297
-2717045
-4679338
-3674781
-599093
-880275
-735872
-3066252
950640
57624
-4962397
-722780
703028
-3954061
-490924
-1004478
-511017
-2152259
-1565717
-569476
-2908536
-1325616
176478
37788
-2520174
-4236199
-1322289
-1014234
-840188
623289
-1662639
-1075511
368591
-3898258
-1410127
-4615384
-2433653
-4909134
-390747
-1928982
413041
-832184
366371
-910592
-2426075
-31844
412883
-4222910
-940995
-457716
-895753
-4947375
-2552298
-3925324
167538
-1401864
-2958072
-1825860
-1503924
-670800
-2976674
-4973760
-1143390
-1556791
149299
-3503223
-1090787
-4659227
-1673184
-4455314
-1575254
-3441483
-1346918
-1862568
893124
-4392635
-4456015
-2955869
-1669217
-2805363
-557006
-843642
-4981915
-4970627
-2496095
-4662686
-2234249
-4498730
-2463581
-683534
-1789876
-4314251
-616612
-4251820
827207
-3762348
889597
-3857672
-2875233
-2465421
-3969624
-4406076
-4407991
-4791455
-1132189
-189167
-4917029
-3127585
-2651705
-715808
-955747
-1326538
-3245951
-2848731
-957214
-1958073
-2588587
-2585372
-2194106
-2924469
-1128036
-1016423
-4470703
-3969318
-845015
-1575171
590449
-4147954
-2492782
-4681508
-310058
-488350
-3440882
229145
-1619338
-532810
-1047159
-4076681
-4839338
-2865224
-4509976
-1280081
-284145
-2873234
-1763878
-602471
-1043874
-701881
-429275
-2375105
-4469870
636489
-3273282
-292630
-3383124
-878717
-2378135
-3368482
-2692386
-3309747
712772
937350
-4955366
130773
-4403171
-2789555
-1680398
670898
237040
-28070
-1667786
-686147
-3488494
-417238
-3294335
-4226305
-1520333
-4925820
414637
-875359
-4702192
-581250
-3287446
-3376097
389449
-753763
-3264174
-355642
-3640011
-4427891
-3649786
-809413
-2904955
-1933409
-2660713
-4681727
-1358942
-1604132
-4037206
-2766156
-1462250
-139404
-818089
677399
-423498
430680
191427
-905268
-3508859
-1675116
696609
-858076
-4438515
-1914480
-1082184
-3678503
-4133982
-651959
-3180555
-2551047
-1967449
-98560
718331
-4458990
-2444256
361363
961958
276077
-2313472
-630585
-2956752
719902
493217
72603
-1663384
-4939645
-431009
-3283903
-4657674
-1908489
867333
-4097308
319953
-4140070
-1666218
470830
-3504617
278806
-2565512
-3284948
-1412816
-4203166
966951
-3619112
-928107
-621625
38927
136868
898504
-491622
-3483797
372683
-29630
780932
-4867274
-2284278
-4041500
746422
-1293442
-2064113
-4464285
-2375162
-2618398
532513
-122307
-3031652
-2207104
-1375026
-441579
890144
-1574881
-1038985
-3452215
-1679173
328900
-1079811
-4909407
-1475747
-4107118
-2616832
-819111
-3465594
555913
-2088196
-2351684
-3306443
-4766976
-3888705
-2899648
-4880020
-967274
-30963
199484
-3305480
49792
133329
-1240392
-750662
-3629277
-4141879
604233
25437
-3720414
-4803387
-1351200
-1228231
544116
-2264985
253356
388220
-4403417
421559
-3904004
681679
785179
-2570904
-3671460
-2210061
256516
-2923078
-4073338
-3155527
67581
-1323186
-912211
-1586132
884874
-529619
-4431156
-2614981
-4268258
504159
-4616579
-2633690
-2543633
-802437
-3697876
-1167407
-499054
-3272029
-3473172
-4807617
-2024294
-294604
-1917679
-1137405
-4298004
-59232
-1792594
-2180987
-736450
-1163601
132398
-4026014
-1297419
-1575053
850297
-2234042
-4862072
182544
-4799200
-4903544
-3084203
-2857071
-4932012
-2350291
-551836
-2266366
-74555
-3190750
-1483747
-3146277
-2646511
-2402533
-3533048
-3582293
-344746
-29392
-840046
-2330839
-3826486
-4203938
-2390432
992499
-1268141
-399331
-3156181
190538
122285
370782
-20178
-588792
-4153932
-2235960
-716409
-1631323
-1301083
-1305893
185731
-1497833
-262186
-2187926
877230
402493
-4695040
-2873671
-63773
-1535311
-4593152
-1208468
-3546396
-3878186
-855815
-3146898
-830125
943703
-2646286
-3977065
-1825386
-537168
-500040
-875751
461755
-3121537
-2719489
-3385227
-1322931
-4702889
-1595410
-24493
620407
-4871810
-1227581
-2804107
-3591831
570688
-3309124
-3118953
895649
192019
-1072287
-1254922
100874
913043
-3620691
945811
-74459
-4385966
-4986085
-1656866
-2989612
-2899726
288880
-4309599
-874862
-2525741
192241
-4919936
-1181510
-1146900
-4204393
392083
-4507304
-483691
-4896987
-1555953
-4371960
-3822331
-3375018
-623196
-4112592
-3250404
-3304306
298873
-283606
853311
-2325337
-4208226
378855
435905
-4728495
-1537096
-3996166
-982233
-309654
-88710
-4882631
-4564816
-1511147
-4428625
861612
-1265500
-584938
-3482836
632593
-3458831
-4025334
-155038
-3600581
-4892035
755275
3192302